Contig_ID	S1_R1_001.masked	S2_R1_001.masked	S3_R1_001.masked	S4_R1_001.masked	S5_R1_001.masked	S6_R1_001.masked	S7_R1_001.masked	S8_R1_001.masked	S9_R1_001.masked	S10_R1_001.masked	S11_R1_001.masked	S12_R1_001.masked
Gene_1	2	0	1	5	5	1	1	1	0	5	2	2
Gene_2	0	1	3	7	1	2	3	1	3	3	3	4
Gene_3	0	4	4	11	3	13	4	7	7	3	4	6
Gene_4	1	2	2	7	1	1	6	3	3	7	3	2
Gene_5	2	1	0	4	5	1	2	2	0	0	1	6
Gene_6	1	4	1	2	1	6	2	2	0	2	8	5
Gene_7	0	0	0	2	5	2	3	1	2	4	2	6
Gene_8	5	2	2	3	4	2	8	5	4	6	1	2
Gene_9	1	3	4	8	1	5	2	1	1	6	3	4
Gene_10	3	3	8	29	2	1	0	1	6	4	1	3
Gene_11	2	4	3	6	2	3	1	1	3	8	2	7
Gene_12	3	15	3	6	2	5	6	9	5	4	1	1
Gene_13	6	3	2	7	10	1	2	1	4	1	1	2
Gene_14	2	7	2	2	7	1	1	3	4	4	3	6
Gene_15	0	0	7	5	6	1	1	0	2	2	0	5
Gene_16	0	2	1	4	6	1	0	0	1	7	3	1
Gene_17	2	3	1	6	5	1	4	7	3	2	0	2
Gene_18	0	0	3	4	0	4	5	4	1	3	3	1
Gene_19	3	4	0	1	3	6	5	2	0	3	1	1
Gene_20	6	11	9	27	18	8	10	6	6	15	9	11
Gene_21	1	0	0	0	0	0	2	4	8	0	2	7
Gene_22	0	1	0	1	2	2	0	2	2	6	3	7
Gene_23	3	1	1	11	3	0	1	4	0	4	2	1
Gene_24	6	0	5	7	3	2	3	0	4	1	1	8
Gene_25	4	1	1	1	1	0	0	5	4	2	3	2
Gene_26	0	2	3	7	1	0	0	0	6	5	0	3
Gene_27	6	4	4	16	7	1	5	2	3	5	4	1
Gene_28	1	6	7	11	0	2	5	5	9	6	0	0
Gene_29	5	2	5	5	1	1	1	6	8	9	6	3
Gene_30	1	1	6	0	2	2	2	3	2	1	2	3
Gene_31	5	3	2	9	4	7	13	3	6	9	2	4
Gene_32	7	4	6	7	5	7	4	6	9	5	0	6
Gene_33	6	6	0	4	9	14	7	13	2	5	15	15
Gene_34	7	5	4	2	1	9	1	5	5	3	1	4
Gene_35	1	3	3	19	5	1	12	2	4	11	1	3
Gene_36	3	2	1	2	6	3	3	5	2	3	0	2
Gene_37	11	3	0	2	3	3	0	0	0	1	0	11
Gene_38	2	1	1	2	5	5	0	1	3	5	2	4
Gene_39	4	1	0	5	1	4	1	0	1	1	1	5
Gene_40	2	3	7	1	0	5	9	2	3	5	2	5
Gene_41	4	2	1	3	2	2	3	1	0	4	3	2
Gene_42	3	9	2	6	7	31	0	7	4	1	13	1
Gene_43	0	1	1	9	0	0	2	1	1	6	2	1
Gene_44	1	1	0	6	7	3	3	0	0	7	1	2
Gene_45	1	4	1	2	5	3	6	0	1	2	1	2
Gene_46	0	8	4	11	14	29	9	13	22	4	19	4
Gene_47	8	4	8	7	14	8	2	14	6	6	4	8
Gene_48	1	6	8	1	0	3	3	3	7	6	1	4
Gene_49	16	18	37	35	35	10	20	22	24	20	10	3
Gene_50	3	5	4	3	0	6	1	1	4	4	3	10
Gene_51	1	0	3	12	0	0	3	3	4	2	0	1
Gene_52	1	7	6	14	0	5	9	6	4	1	0	1
Gene_53	5	1	1	13	2	2	2	1	3	1	1	0
Gene_54	0	10	5	8	1	0	2	0	4	4	0	0
Gene_55	4	3	5	4	0	0	4	3	5	5	0	2
Gene_56	0	2	5	8	0	0	4	2	5	1	0	0
Gene_57	0	1	7	10	0	0	0	0	14	3	0	1
Gene_58	10	10	1	9	0	6	5	6	3	2	0	4
Gene_59	8	11	19	22	5	0	7	12	24	18	0	0
Gene_60	3	6	4	16	4	3	4	6	16	4	0	3
Gene_61	1	0	4	8	5	0	2	2	2	3	1	1
Gene_62	47	8	10	27	27	56	41	12	4	30	29	39
Gene_63	0	7	8	1	0	0	3	9	3	0	1	0
Gene_64	3	5	2	13	1	6	6	2	1	3	2	7
Gene_65	4	18	48	50	1	6	7	8	38	27	1	0
Gene_66	5	16	6	17	11	0	1	3	11	3	0	4
Gene_67	0	1	19	12	0	0	0	6	10	0	0	0
Gene_68	1	0	29	25	1	4	4	5	10	3	0	0
Gene_69	1	8	8	2	0	1	5	4	4	0	0	2
Gene_70	0	1	4	5	1	1	3	0	2	4	0	4
Gene_71	12	3	7	17	0	6	7	9	9	5	1	3
Gene_72	3	7	0	4	0	0	3	5	3	0	0	0
Gene_73	2	2	8	11	0	4	6	7	11	8	5	6
Gene_74	6	8	12	3	0	0	4	8	12	14	2	2
Gene_75	6	13	9	13	17	14	12	23	17	9	12	13
Gene_76	2	6	5	19	1	0	4	0	18	3	0	0
Gene_77	0	1	2	17	0	0	0	1	7	2	0	0
Gene_78	2	3	3	2	0	1	0	1	11	5	0	2
Gene_79	5	15	23	32	1	2	5	6	27	15	1	2
Gene_80	2	2	5	7	0	5	8	5	10	12	1	0
Gene_81	11	16	6	1	0	2	6	10	0	0	0	0
Gene_82	0	0	15	64	0	0	4	0	37	1	0	2
Gene_83	3	1	0	7	2	2	5	0	6	3	4	0
Gene_84	5	5	6	3	0	0	0	2	0	4	0	1
Gene_85	0	6	4	2	0	0	1	2	6	8	0	0
Gene_86	6	0	3	8	1	2	1	0	3	0	3	4
Gene_87	1	7	9	5	0	1	0	2	14	2	0	0
Gene_88	2	3	11	7	0	0	5	9	1	3	0	0
Gene_89	1	2	0	6	0	9	2	0	0	3	5	18
Gene_90	5	9	3	4	2	4	4	5	2	2	1	0
Gene_91	9	6	6	6	0	7	9	8	2	1	3	7
Gene_92	4	16	47	18	1	0	1	8	20	9	1	2
Gene_93	0	1	5	10	2	1	2	1	2	5	0	0
Gene_94	0	3	0	2	0	11	1	0	0	4	0	3
Gene_95	1	9	38	33	2	3	13	14	14	26	0	2
Gene_96	1	0	6	1	0	4	7	5	1	0	0	2
Gene_97	2	0	0	2	3	7	10	0	0	2	0	0
Gene_98	0	4	4	3	6	1	2	1	1	2	3	1
Gene_99	5	4	3	7	0	0	6	1	2	3	0	0
Gene_100	76	99	39	36	6	66	121	64	26	11	6	57
Gene_101	0	5	36	36	1	2	5	4	38	25	2	1
Gene_102	2	8	14	14	0	0	2	5	21	5	1	0
Gene_103	4	1	3	3	5	0	2	0	1	4	3	6
Gene_104	3	3	4	4	2	1	3	9	2	0	0	0
Gene_105	1	5	2	2	0	3	4	1	3	9	0	0
Gene_106	0	1	2	7	0	8	2	1	2	5	9	9
Gene_107	49	108	35	14	0	10	71	64	32	5	0	7
Gene_108	3	5	2	4	3	3	4	4	7	2	1	2
Gene_109	2	8	26	18	0	1	4	14	26	8	1	0
Gene_110	13	5	1	2	2	4	1	0	0	0	0	8
Gene_111	1	6	11	8	0	1	3	4	9	6	0	1
Gene_112	0	7	16	14	2	1	3	12	17	13	2	1
Gene_113	4	0	0	39	49	34	25	2	2	17	25	25
Gene_114	11	9	17	0	0	20	0	9	0	17	0	7
Gene_115	0	6	14	4	5	1	1	1	3	4	2	1
Gene_116	3	2	2	3	0	4	8	1	1	1	0	3
Gene_117	5	9	9	3	4	2	2	7	6	18	1	3
Gene_118	5	3	9	33	14	23	11	2	53	29	5	19
Gene_119	8	0	6	18	0	1	5	7	0	14	0	0
Gene_120	6	9	1	19	1	6	2	10	14	14	2	8
Gene_121	0	2	4	3	0	1	1	8	14	2	1	0
Gene_122	1	7	17	8	5	1	9	7	8	9	1	2
Gene_123	7	4	0	2	0	26	11	26	24	11	1	7
Gene_124	2	3	1	7	1	0	3	4	2	4	2	3
Gene_125	4	3	2	12	5	7	1	5	7	2	4	1
Gene_126	0	0	0	4	10	3	0	1	5	9	1	10
Gene_127	0	3	5	4	0	2	0	5	9	3	0	0
Gene_128	0	15	0	0	0	1	1	4	12	0	1	4
Gene_129	2	0	1	2	12	8	7	1	3	7	2	4
Gene_130	7	2	11	7	0	8	28	12	9	5	11	13
Gene_131	5	1	5	3	8	2	6	2	1	5	6	3
Gene_132	1	2	0	10	0	3	3	0	10	1	2	1
Gene_133	1	6	7	21	2	9	10	7	12	10	9	3
Gene_134	5	16	43	53	1	6	8	11	38	26	2	1
Gene_135	5	93	13	26	14	35	77	123	92	55	9	69
Gene_136	0	4	3	16	7	3	14	15	6	5	0	6
Gene_137	1	0	1	5	2	3	4	1	6	5	5	7
Gene_138	3	5	6	19	10	6	9	6	7	4	4	8
Gene_139	3	8	6	4	13	2	8	9	12	9	0	3
Gene_140	3	3	1	15	7	2	1	2	2	12	5	4
Gene_141	20	14	25	239	6	10	15	14	7	44	10	19
Gene_142	1	3	0	7	3	9	2	1	6	4	1	2
Gene_143	2	0	3	5	3	1	2	1	3	4	0	11
Gene_144	9	18	8	7	6	4	22	19	1	4	1	4
Gene_145	3	4	9	12	3	13	5	1	10	9	7	17
Gene_146	1	1	4	4	3	4	1	0	0	2	4	0
Gene_147	1	4	0	9	2	1	1	0	0	3	4	7
Gene_148	0	0	0	4	6	2	2	0	5	7	4	0
Gene_149	0	0	0	0	0	0	11	4	2	0	0	11
Gene_150	16	165	172	193	20	74	464	244	127	67	33	45
Gene_151	1	9	13	195	14	0	1	18	9	9	0	0
Gene_152	2	0	0	9	14	2	2	0	10	14	0	2
Gene_153	3	3	2	4	1	2	0	5	2	5	0	0
Gene_154	7	17	1	4	8	5	1	8	6	2	9	5
Gene_155	1	7	5	7	10	9	8	8	12	8	6	7
Gene_156	1	0	3	14	3	1	11	5	4	11	2	0
Gene_157	7	3	11	17	3	9	4	1	9	9	12	12
Gene_158	1	2	2	13	1	0	4	1	1	4	0	0
Gene_159	4	6	2	4	3	1	3	0	4	4	2	1
Gene_160	4	7	1	2	1	1	15	5	1	2	0	4
Gene_161	1	13	4	6	0	0	7	2	10	5	0	0
Gene_162	3	3	6	4	9	2	4	6	4	5	3	2
Gene_163	1	12	5	1	1	2	8	15	9	0	0	0
Gene_164	7	13	14	10	12	13	15	8	21	16	11	15
Gene_165	2	1	4	11	7	6	9	2	3	6	6	2
Gene_166	11	13	12	24	7	3	16	13	20	11	2	8
Gene_167	3	5	4	4	0	1	1	2	2	3	0	0
Gene_168	0	0	5	7	0	0	3	3	5	2	0	0
Gene_169	0	1	1	6	0	0	1	7	7	1	0	0
Gene_170	6	2	6	2	2	5	9	16	1	4	11	1
Gene_171	0	0	0	10	0	4	2	2	1	5	1	0
Gene_172	11	16	17	16	45	31	33	15	17	10	14	17
Gene_173	3	4	3	1	4	1	2	1	8	3	1	3
Gene_174	16	32	8	32	41	23	31	26	17	21	18	20
Gene_175	1	0	5	8	2	7	1	2	0	2	2	6
Gene_176	1	3	1	2	1	0	6	5	4	3	4	3
Gene_177	8	0	9	1	17	2	2	3	3	1	3	1
Gene_178	1	8	2	2	0	1	6	2	5	0	0	2
Gene_179	2	10	2	4	9	3	6	2	10	7	4	1
Gene_180	5	3	3	1	7	10	0	2	5	9	4	0
Gene_181	0	0	3	6	6	7	2	9	2	2	2	1
Gene_182	52	94	55	71	93	104	104	83	61	62	78	79
Gene_183	10	17	39	81	5	1	9	9	61	31	4	1
Gene_184	1	3	1	0	4	2	4	2	1	0	3	4
Gene_185	8	5	1	11	6	11	8	8	10	0	4	2
Gene_186	5	2	4	5	7	7	7	6	6	2	4	3
Gene_187	1	2	2	2	1	8	10	3	1	2	2	4
Gene_188	1	1	1	4	2	4	3	2	1	3	1	1
Gene_189	2	1	0	11	3	9	3	0	2	3	0	1
Gene_190	2	7	8	13	12	9	9	3	8	11	4	6
Gene_191	3	1	4	9	2	21	0	6	5	1	2	0
Gene_192	6	9	8	4	4	11	9	8	11	11	5	7
Gene_193	1	2	5	9	3	1	1	2	5	4	2	2
Gene_194	3	2	6	1	1	5	4	6	1	5	2	1
Gene_195	0	2	2	0	3	4	3	2	2	0	1	5
Gene_196	0	3	2	1	0	1	7	1	0	6	3	5
Gene_197	1	9	17	30	0	1	4	10	15	15	0	1
Gene_198	0	2	0	4	0	1	2	1	8	4	3	2
Gene_199	37	58	43	57	68	65	60	67	56	62	39	72
Gene_200	3	0	3	4	1	4	4	3	2	2	2	3
Gene_201	36	48	88	149	36	103	59	19	87	95	90	121
Gene_202	2	1	7	7	2	5	0	1	3	10	0	0
Gene_203	9	10	14	18	12	10	8	22	22	23	7	21
Gene_204	2	6	10	6	2	1	1	6	6	11	4	1
Gene_205	0	0	6	4	1	6	1	0	1	5	0	0
Gene_206	0	1	1	1	3	4	6	5	3	4	2	13
Gene_207	15	15	22	92	44	19	18	10	25	45	12	13
Gene_208	7	2	2	2	0	1	5	1	3	0	1	1
Gene_209	10	5	6	11	2	7	19	11	5	1	3	3
Gene_210	15	11	13	28	12	19	31	10	22	22	13	12
Gene_211	0	2	14	4	0	0	2	0	8	0	0	0
Gene_212	1	0	4	9	1	1	1	0	1	5	0	2
Gene_213	1	3	1	3	6	2	2	1	1	3	0	3
Gene_214	3	1	3	5	0	4	1	2	4	1	0	3
Gene_215	0	0	1	12	0	1	0	1	8	4	1	0
Gene_216	2	1	3	6	0	4	3	1	1	1	2	2
Gene_217	1	4	3	19	3	0	1	0	1	4	0	2
Gene_218	15	8	4	2	0	0	3	4	4	1	0	7
Gene_219	5	3	3	4	5	1	5	2	4	4	1	0
Gene_220	1	0	3	20	0	23	5	1	1	1	11	8
Gene_221	5	3	1	5	5	11	7	3	6	6	7	2
Gene_222	0	1	2	6	3	1	5	1	4	1	1	3
Gene_223	0	9	5	7	1	7	7	5	2	4	4	1
Gene_224	5	11	9	8	3	10	12	3	6	9	9	7
Gene_225	1	5	1	5	3	4	1	1	1	4	1	0
Gene_226	1	5	3	0	4	2	5	3	4	3	0	1
Gene_227	6	8	8	22	10	6	8	11	7	12	0	6
Gene_228	11	10	3	0	4	4	20	8	20	9	2	13
Gene_229	12	1	11	22	13	13	8	2	10	16	8	13
Gene_230	4	3	1	11	0	1	1	3	7	1	0	0
Gene_231	0	1	1	0	0	5	17	0	0	0	0	0
Gene_232	5	4	1	0	0	6	4	0	2	0	3	11
Gene_233	6	6	5	4	1	1	3	3	5	6	1	1
Gene_234	6	5	11	12	2	7	12	2	11	6	8	17
Gene_235	12	3	8	34	7	17	9	5	21	24	17	27
Gene_236	1	0	2	3	0	6	1	0	4	3	2	6
Gene_237	2	4	4	8	1	7	11	7	6	3	0	5
Gene_238	4	1	1	1	2	1	5	5	2	1	0	1
Gene_239	7	26	35	77	9	46	125	38	28	24	29	22
Gene_240	2	2	1	4	0	4	5	1	0	3	2	0
Gene_241	11	7	7	1	0	2	3	5	7	0	3	5
Gene_242	6	2	0	20	9	2	4	2	6	5	1	2
Gene_243	0	1	1	3	5	5	6	8	4	0	4	3
Gene_244	10	9	2	4	7	9	13	7	6	7	4	7
Gene_245	2	2	1	7	0	12	8	1	0	2	3	6
Gene_246	0	1	6	17	2	4	8	0	6	7	3	14
Gene_247	1	4	2	1	3	2	6	5	2	2	1	2
Gene_248	9	14	7	12	13	16	21	10	9	10	5	9
Gene_249	0	3	10	1	0	1	1	1	5	1	0	1
Gene_250	7	7	6	9	7	14	3	8	3	4	8	8
Gene_251	2	4	8	1	3	9	5	4	5	2	6	6
Gene_252	0	2	2	9	0	0	1	1	8	2	0	0
Gene_253	55	60	53	88	25	71	82	70	87	57	40	61
Gene_254	1	0	0	9	7	1	6	1	3	3	3	12
Gene_255	0	3	4	6	0	1	1	0	9	4	0	0
Gene_256	1	4	6	3	4	1	3	1	2	6	1	3
Gene_257	5	7	6	10	6	2	6	1	3	4	2	2
Gene_258	10	7	13	19	11	7	7	1	13	8	2	16
Gene_259	1	7	6	3	0	4	12	12	0	0	0	0
Gene_260	2	14	23	13	1	3	11	11	26	12	0	2
Gene_261	2	8	2	4	8	5	0	3	3	3	0	6
Gene_262	3	10	2	7	3	3	5	2	2	5	2	6
Gene_263	4	1	1	1	1	4	3	0	3	3	1	2
Gene_264	5	8	4	8	3	11	11	4	7	11	4	1
Gene_265	2	7	7	7	3	10	5	3	10	5	2	3
Gene_266	14	20	13	13	4	2	9	21	1	18	1	2
Gene_267	3	0	5	5	2	8	6	7	7	7	0	1
Gene_268	0	2	1	13	2	4	6	1	5	7	4	12
Gene_269	16	12	11	11	23	24	13	12	14	14	15	13
Gene_270	1	0	2	11	3	2	4	4	2	9	2	1
Gene_271	3	2	5	3	2	2	4	1	3	3	0	1
Gene_272	8	19	12	21	3	4	22	15	12	7	2	4
Gene_273	0	0	2	9	0	1	1	1	6	7	0	1
Gene_274	2	3	3	3	4	5	2	1	0	7	4	1
Gene_275	0	1	2	3	0	0	5	3	10	6	1	1
Gene_276	2	3	4	8	0	1	0	0	3	1	1	1
Gene_277	0	4	0	7	5	5	2	5	6	6	0	0
Gene_278	5	2	5	10	6	7	2	11	7	6	6	8
Gene_279	17	3	2	0	0	0	0	0	0	3	0	1
Gene_280	12	4	0	0	8	0	1	0	1	0	1	7
Gene_281	1	2	1	5	1	4	9	7	2	5	1	1
Gene_282	5	7	9	5	10	5	9	8	2	7	8	2
Gene_283	8	8	1	11	7	2	15	9	4	1	7	4
Gene_284	3	0	3	0	0	2	8	1	4	2	0	1
Gene_285	1	2	1	4	3	4	2	1	7	5	6	7
Gene_286	1	1	8	14	3	1	0	9	14	9	0	0
Gene_287	0	2	2	2	2	1	1	6	1	5	0	2
Gene_288	2	5	8	28	2	8	4	7	9	12	2	6
Gene_289	8	7	5	2	2	12	10	12	5	0	0	5
Gene_290	1	12	10	25	6	3	2	7	3	7	4	3
Gene_291	3	2	3	2	0	1	4	3	2	3	0	1
Gene_292	0	0	0	60	2	0	0	0	6	11	0	0
Gene_293	0	0	4	2	1	0	2	0	5	9	2	2
Gene_294	5	5	2	6	2	3	3	3	10	6	1	5
Gene_295	2	0	1	11	0	1	2	2	1	10	0	0
Gene_296	3	2	2	1	0	3	7	4	4	5	1	3
Gene_297	31	50	15	7	34	86	78	43	11	11	34	78
Gene_298	6	7	1	14	5	8	4	3	3	6	7	6
Gene_299	3	1	8	3	3	4	4	4	11	5	6	6
Gene_300	3	4	4	6	1	3	1	1	3	2	3	3
Gene_301	1	5	2	1	2	1	0	3	1	4	1	5
Gene_302	3	3	11	9	2	9	4	2	6	11	3	9
Gene_303	11	3	15	36	9	23	17	6	27	19	9	29
Gene_304	5	7	3	7	9	7	9	8	4	12	3	4
Gene_305	1	0	4	3	1	1	2	0	1	4	2	5
Gene_306	3	1	2	11	5	1	2	1	6	3	2	0
Gene_307	6	4	5	2	0	4	7	3	3	2	3	11
Gene_308	2	7	2	2	12	0	2	0	1	2	1	0
Gene_309	8	13	13	14	20	10	5	5	7	15	12	10
Gene_310	21	23	27	23	7	36	26	14	27	28	17	21
Gene_311	7	9	6	19	2	7	12	21	10	13	7	4
Gene_312	2	0	5	6	2	4	0	1	8	10	5	3
Gene_313	2	0	5	16	8	9	7	1	13	6	9	9
Gene_314	1	1	1	6	5	6	2	2	2	2	7	3
Gene_315	2	2	4	3	1	0	1	0	5	4	1	1
Gene_316	20	29	57	145	3	18	7	32	42	40	1	8
Gene_317	1	2	4	1	6	1	3	3	5	0	1	0
Gene_318	4	15	30	11	6	5	13	19	22	12	5	5
Gene_319	1	2	5	16	1	1	3	4	6	2	0	0
Gene_320	2	2	4	10	0	0	4	0	1	5	2	1
Gene_321	2	2	4	8	6	6	5	5	7	8	0	7
Gene_322	13	7	3	63	5	18	8	3	2	87	47	73
Gene_323	3	2	4	2	2	0	1	2	2	0	0	6
Gene_324	5	5	3	0	4	9	7	4	8	1	1	2
Gene_325	6	6	17	54	5	10	10	9	16	30	7	9
Gene_326	17	1	16	1	0	1	2	7	14	2	0	1
Gene_327	2	3	2	5	5	4	1	6	0	4	4	1
Gene_328	0	0	0	4	7	4	0	0	1	3	4	6
Gene_329	4	2	0	7	4	0	1	7	13	9	0	0
Gene_330	1	0	0	3	5	2	7	5	2	1	1	1
Gene_331	2	6	5	3	2	1	7	7	4	4	0	0
Gene_332	5	1	3	3	7	6	5	4	2	4	1	4
Gene_333	0	1	0	4	3	7	1	1	2	12	3	4
Gene_334	3	1	2	6	2	7	4	0	2	2	2	2
Gene_335	3	0	0	2	3	3	3	4	5	2	3	2
Gene_336	6	2	2	1	5	3	2	1	1	0	0	4
Gene_337	2	1	4	6	2	0	0	1	6	5	0	0
Gene_338	13	11	7	15	18	26	17	8	6	5	9	10
Gene_339	2	2	0	12	0	2	0	0	2	4	0	0
Gene_340	34	0	0	0	0	9	2	2	0	0	3	22
Gene_341	8	0	6	12	10	2	3	5	4	13	1	5
Gene_342	7	5	9	19	14	14	6	9	10	19	8	10
Gene_343	3	1	0	9	0	1	6	0	0	3	0	3
Gene_344	32	28	29	82	44	86	51	28	33	53	45	52
Gene_345	1	2	1	10	1	2	4	4	1	1	1	3
Gene_346	4	2	8	10	6	10	6	0	0	9	5	3
Gene_347	2	4	4	8	8	8	5	5	7	5	4	3
Gene_348	7	3	1	9	4	4	0	2	1	3	0	4
Gene_349	70	71	46	46	13	20	63	56	65	14	0	35
Gene_350	1	1	4	3	1	5	2	1	4	4	1	2
Gene_351	10	16	11	15	4	7	20	18	11	10	5	10
Gene_352	0	2	3	11	1	1	1	0	7	7	1	0
Gene_353	3	2	9	10	3	4	7	1	6	4	3	11
Gene_354	0	4	1	5	0	3	13	7	1	0	0	1
Gene_355	9	11	13	26	2	12	11	9	22	11	15	9
Gene_356	1	0	1	6	0	5	2	0	2	2	2	4
Gene_357	2	3	4	4	2	0	1	2	2	5	2	2
Gene_358	1	13	15	7	1	8	7	7	10	6	4	3
Gene_359	14	16	17	39	9	18	32	20	26	39	19	22
Gene_360	7	6	6	7	3	5	13	5	9	13	4	4
Gene_361	4	2	3	7	2	4	5	1	4	1	2	7
Gene_362	3	1	3	1	0	0	6	7	4	1	1	2
Gene_363	11	2	6	13	9	15	12	13	11	16	9	10
Gene_364	0	2	1	1	0	13	5	0	1	0	4	10
Gene_365	4	15	2	2	0	0	0	9	9	3	1	4
Gene_366	0	0	5	2	15	1	0	3	3	11	0	3
Gene_367	4	2	1	10	3	1	1	3	3	2	0	0
Gene_368	1	4	9	2	1	0	4	1	6	2	0	0
Gene_369	5	7	2	8	7	3	3	2	1	5	6	7
Gene_370	10	26	10	9	5	12	13	0	6	13	6	39
Gene_371	1	1	3	4	1	1	2	0	3	0	4	9
Gene_372	1	5	5	8	0	4	2	1	6	2	1	1
Gene_373	4	14	0	5	19	0	6	2	13	18	0	6
Gene_374	3	3	5	16	4	0	2	1	6	8	0	1
Gene_375	0	10	4	4	0	0	2	8	4	4	0	0
Gene_376	3	2	4	2	4	2	2	1	5	1	2	1
Gene_377	4	4	3	27	8	5	4	8	2	15	5	9
Gene_378	1	0	3	9	3	0	0	1	1	6	0	3
Gene_379	1	3	1	9	3	0	4	4	5	6	3	1
Gene_380	0	2	2	6	1	3	5	2	0	1	1	1
Gene_381	2	1	0	1	5	5	0	7	0	2	1	0
Gene_382	0	1	0	4	7	4	0	0	3	2	0	5
Gene_383	6	2	3	7	0	3	3	2	4	1	3	0
Gene_384	2	3	3	4	2	2	8	1	2	3	4	3
Gene_385	0	1	2	7	1	4	0	1	1	1	6	3
Gene_386	1	2	3	8	4	1	5	3	0	2	2	4
Gene_387	16	20	21	29	10	15	20	12	41	18	15	12
Gene_388	2	1	6	4	0	3	1	1	6	1	2	0
Gene_389	0	4	1	1	6	3	10	1	3	4	3	4
Gene_390	7	7	1	6	8	7	7	4	8	10	8	4
Gene_391	3	2	3	8	0	8	8	1	1	3	1	7
Gene_392	15	13	10	21	12	31	21	10	17	15	11	28
Gene_393	2	3	4	9	0	2	0	1	7	4	0	1
Gene_394	7	1	6	10	5	1	6	8	9	10	6	19
Gene_395	17	20	16	26	33	19	19	20	19	26	2	10
Gene_396	3	12	22	24	7	1	3	5	44	16	2	4
Gene_397	1	0	3	8	2	5	3	0	0	3	0	1
Gene_398	3	6	1	4	1	2	2	1	3	4	1	3
Gene_399	2	2	0	1	5	5	2	3	1	1	3	2
Gene_400	4	6	3	12	10	4	5	2	4	24	3	14
Gene_401	14	14	16	21	5	6	21	9	10	17	5	7
Gene_402	2	4	4	10	0	1	1	1	6	8	1	0
Gene_403	24	30	21	43	14	17	53	25	43	25	28	25
Gene_404	6	10	3	16	6	10	7	3	11	9	4	5
Gene_405	6	9	7	8	5	6	5	5	5	4	4	1
Gene_406	37	56	40	4	0	3	6	84	39	16	5	6
Gene_407	2	8	13	12	0	0	2	1	11	19	0	0
Gene_408	1	4	2	3	1	2	1	4	1	4	1	4
Gene_409	0	0	2	4	4	6	1	5	3	2	4	2
Gene_410	0	7	0	11	3	3	1	3	3	5	1	0
Gene_411	5	8	1	14	5	5	5	7	5	6	5	4
Gene_412	4	6	3	11	1	4	8	6	4	5	5	3
Gene_413	0	1	10	17	0	18	23	11	16	20	5	3
Gene_414	1	6	1	19	13	10	4	10	4	12	8	2
Gene_415	0	0	4	12	0	0	2	1	6	3	0	2
Gene_416	1	1	3	7	1	3	5	2	2	1	2	0
Gene_417	4	2	3	12	7	5	5	0	6	3	10	17
Gene_418	2	1	1	6	2	6	4	2	2	3	4	7
Gene_419	0	3	2	3	2	6	1	1	0	4	5	3
Gene_420	3	5	1	2	3	3	4	0	2	2	0	4
Gene_421	1	5	2	8	8	9	7	2	3	1	7	9
Gene_422	1	2	3	8	2	2	5	2	3	6	5	4
Gene_423	1	4	5	5	2	3	7	6	2	5	5	0
Gene_424	0	4	6	1	0	0	5	2	10	0	0	4
Gene_425	7	7	11	12	2	3	7	9	10	11	5	12
Gene_426	1	7	3	1	2	3	5	0	9	6	3	2
Gene_427	1	3	0	1	0	4	10	4	2	1	4	7
Gene_428	1	1	7	4	0	1	1	1	2	6	0	1
Gene_429	4	8	4	10	7	15	10	11	9	15	10	8
Gene_430	14	45	8	0	1	0	8	41	7	0	0	0
Gene_431	3	0	1	3	1	0	4	4	3	3	0	2
Gene_432	2	4	6	3	0	2	4	2	3	3	0	0
Gene_433	10	25	23	8	29	26	32	30	8	29	19	16
Gene_434	11	14	4	8	8	15	11	16	6	7	11	5
Gene_435	14	13	2	4	11	11	5	21	22	12	0	2
Gene_436	6	8	4	4	0	8	8	5	10	5	0	5
Gene_437	2	2	0	1	0	0	7	3	9	2	0	2
Gene_438	0	1	1	0	2	4	4	3	6	1	1	2
Gene_439	7	0	0	2	0	1	6	11	4	5	1	2
Gene_440	3	4	3	3	0	3	11	2	4	3	3	1
Gene_441	1	3	6	20	5	3	4	5	5	9	1	6
Gene_442	2	4	4	10	0	0	1	3	9	2	0	1
Gene_443	3	5	5	4	5	6	5	7	3	9	2	4
Gene_444	2	0	1	7	0	1	0	3	6	3	2	0
Gene_445	1	3	5	3	0	2	2	1	4	4	1	0
Gene_446	4	4	9	7	2	6	6	0	6	2	5	6
Gene_447	0	0	1	5	1	0	5	3	4	1	4	0
Gene_448	7	3	2	6	10	6	4	2	3	8	8	7
Gene_449	1	1	1	3	2	4	1	3	1	1	3	4
Gene_450	4	4	0	6	2	1	8	2	1	2	1	3
Gene_451	5	2	0	0	4	3	3	0	3	2	2	3
Gene_452	8	16	22	60	3	2	8	17	30	31	1	4
Gene_453	3	1	2	9	4	7	17	11	4	11	3	12
Gene_454	2	2	3	14	13	8	3	0	6	5	6	26
Gene_455	5	7	5	8	11	12	12	7	6	5	4	7
Gene_456	2	3	3	7	0	2	1	4	10	2	4	4
Gene_457	5	5	8	2	3	1	1	1	8	1	5	2
Gene_458	1	4	3	6	3	4	5	2	2	3	4	1
Gene_459	3	1	4	3	11	3	5	0	3	2	3	6
Gene_460	7	1	1	7	5	1	6	0	2	1	5	5
Gene_461	0	3	3	4	2	2	0	2	1	8	2	1
Gene_462	16	17	3	0	0	6	7	18	1	0	0	2
Gene_463	5	5	0	3	1	4	1	1	4	1	2	0
Gene_464	5	1	8	18	3	9	4	0	8	3	10	12
Gene_465	0	0	0	0	7	4	3	1	5	6	0	6
Gene_466	2	5	2	4	1	0	2	4	2	2	0	2
Gene_467	0	0	1	6	0	5	0	3	1	6	1	2
Gene_468	4	1	3	1	2	1	3	4	2	1	4	1
Gene_469	3	6	6	16	1	4	7	4	10	10	7	12
Gene_470	3	2	0	9	0	0	1	1	1	1	0	6
Gene_471	36	34	37	42	19	27	23	43	36	28	13	45
Gene_472	7	13	19	21	2	7	7	17	13	24	7	12
Gene_473	4	0	2	3	5	2	0	5	1	1	2	0
Gene_474	5	9	6	8	0	1	1	12	4	6	0	1
Gene_475	2	4	2	5	5	5	4	6	3	4	9	2
Gene_476	0	5	4	4	3	2	2	3	0	5	0	0
Gene_477	4	4	3	10	0	16	12	8	8	4	9	19
Gene_478	3	6	3	12	7	4	3	4	3	8	1	3
Gene_479	0	13	2	2	0	2	2	6	10	2	0	0
Gene_480	1	4	6	5	2	2	4	3	6	1	0	0
Gene_481	1	1	3	5	2	0	5	1	4	6	3	0
Gene_482	2	2	5	3	1	0	4	1	3	2	5	0
Gene_483	4	7	1	43	22	12	7	3	5	20	7	9
Gene_484	3	10	5	5	1	1	0	2	8	0	1	4
Gene_485	0	1	3	8	2	0	2	2	9	4	0	0
Gene_486	7	10	16	19	1	9	12	6	18	15	10	7
Gene_487	9	7	5	7	5	15	9	10	9	12	9	11
Gene_488	3	2	6	7	2	1	8	0	3	7	2	9
Gene_489	3	0	2	6	3	3	2	5	4	4	0	2
Gene_490	2	4	2	6	0	2	4	6	8	7	2	2
Gene_491	1	3	3	2	1	1	7	1	2	1	2	3
Gene_492	4	4	2	5	1	3	6	8	1	1	0	1
Gene_493	2	5	2	12	2	1	0	0	3	7	0	4
Gene_494	4	11	5	3	0	1	7	13	2	3	2	6
Gene_495	2	6	4	3	2	3	0	3	4	9	3	7
Gene_496	0	2	3	3	6	5	0	3	4	1	1	1
Gene_497	2	9	6	3	1	1	1	3	4	5	1	4
Gene_498	1	4	8	11	10	6	2	0	6	13	0	4
Gene_499	0	3	2	5	3	2	2	1	2	3	2	2
Gene_500	3	12	7	8	3	7	8	5	9	12	4	3
