Cluster	Canon-4	Canon-6	Canon-7	Canon-8_4008	Canon-10	Canon-12	Canon-14_3060	Canon-15	Canon-17	Canon-19	Canon-21_3053	Canon-23	Canon-25	Canon-27_3073	Canon-29_4003	Canon-31_3040	Canon-33_2027	Canon-34_2033	Canon-35	Canon-36_2024	Canon-38_1004.combined	Canon-40_3036.combined	Canon-42_2026.combined	Canon-43	Canon-44	Canon-45	Canon-46_4035	Canon-48	Canon-49	Canon-50	Canon-52	Canon-54	Canon-56	Canon-57	Canon-58
SAR406_Cluster_782	214	52	18	89	97	102	157	8	578	13	314	4	26	406	184	74	81	244	124	294	47	91	135	27	9	31	6	50	59	229	125	227	256	282	104
SAR406_Cluster_260	218	80	15	81	126	100	138	6	570	7	306	3	26	276	169	58	76	198	136	179	66	90	148	23	15	25	4	36	45	286	164	206	207	200	89
SAR406_Cluster_640	198	79	13	76	99	113	140	14	481	13	269	3	25	312	146	37	85	157	97	204	50	79	126	21	9	31	4	49	38	158	84	200	213	286	87
SAR406_Cluster_783	134	35	10	47	69	73	93	5	419	12	170	3	10	233	124	43	55	103	79	175	34	66	85	19	11	26	1	37	31	161	77	171	178	196	91
SAR406_Cluster_183	106	50	9	60	69	75	83	2	313	13	161	1	16	190	72	29	29	74	59	97	25	66	53	8	7	17	2	24	17	128	59	96	108	129	65
SAR406_Cluster_468	51	36	6	27	31	65	69	4	237	3	129	1	9	159	39	20	44	55	41	112	39	92	90	22	31	35	6	52	44	33	38	83	86	45	42
SAR406_Cluster_187	71	44	6	29	65	54	55	4	177	3	108	0	5	114	30	18	18	46	30	58	39	60	71	11	14	30	8	44	38	72	49	68	72	34	34
SAR406_Cluster_302	78	61	4	47	80	21	32	4	117	3	192	1	2	47	80	15	9	17	19	61	33	45	72	29	17	38	2	20	26	82	50	79	53	53	25
SAR406_Cluster_781	63	16	0	12	29	45	35	1	186	3	94	1	9	112	49	21	27	72	44	86	18	34	49	2	4	6	3	16	23	45	47	66	63	91	36
SAR406_Cluster_293	66	38	4	41	62	18	37	0	98	4	153	2	1	26	38	10	11	22	20	43	29	45	64	11	14	35	3	32	21	50	51	74	58	38	17
SAR406_Cluster_294	64	48	1	33	84	16	33	3	107	2	146	1	1	36	27	14	10	23	22	32	35	40	68	25	17	37	3	19	26	66	43	67	36	23	23
SAR406_Cluster_493	43	19	4	9	23	40	38	1	162	6	69	7	4	91	15	12	20	46	30	32	10	22	33	2	0	5	1	11	8	10	12	45	61	30	23
SAR406_Cluster_743	35	9	2	7	17	18	25	2	82	2	53	1	1	26	12	4	15	22	15	18	15	14	32	6	0	6	0	6	3	11	17	29	41	27	19
SAR406_Cluster_267	36	21	1	14	28	11	11	0	53	2	78	0	1	20	12	10	6	12	7	15	11	25	24	6	6	7	1	9	3	31	28	34	21	9	9
SAR406_Cluster_568	23	9	0	20	37	15	15	0	42	2	33	2	0	19	21	10	5	14	4	17	16	17	31	13	11	11	4	12	7	21	25	32	17	13	6
SAR406_Cluster_732	23	13	1	14	21	8	16	1	35	1	60	0	0	16	20	8	6	12	7	16	16	21	27	4	11	8	0	15	5	33	21	26	19	15	7
SAR406_Cluster_549	18	9	0	31	27	9	9	1	24	0	32	1	0	14	39	4	4	6	2	28	18	7	35	23	9	7	1	5	4	25	26	34	12	29	3
SAR406_Cluster_234	32	20	1	22	24	9	13	1	32	0	63	3	1	17	18	7	2	8	7	31	5	17	22	6	7	12	0	10	8	23	8	18	20	19	8
SAR406_Cluster_376	49	24	6	2	7	14	15	1	102	1	40	0	1	33	14	4	9	25	18	17	0	0	1	2	0	0	0	1	2	7	7	18	14	32	17
SAR406_Cluster_176	38	8	1	7	8	19	25	1	55	3	39	0	0	26	21	6	9	18	16	24	8	16	11	1	1	4	0	3	6	13	8	24	22	21	16
SAR406_Cluster_292	37	14	2	10	28	5	10	0	47	3	64	1	1	16	5	10	3	6	7	16	11	13	20	9	11	7	1	10	4	23	25	21	17	9	2
SAR406_Cluster_592	23	5	2	7	11	28	13	0	85	1	18	1	2	40	11	8	8	21	12	14	6	10	18	0	0	5	0	7	4	14	12	27	32	15	5
SAR406_Cluster_763	27	9	1	14	9	17	17	1	51	0	43	2	2	35	13	8	5	19	11	14	5	16	18	2	2	7	0	5	4	9	11	19	18	19	14
SAR406_Cluster_13	22	10	1	7	23	17	15	0	44	0	43	1	0	23	21	12	8	9	8	14	11	12	17	0	2	4	1	3	7	7	12	23	18	20	13
SAR406_Cluster_249	10	3	3	12	24	5	17	1	59	0	29	0	0	33	15	2	3	18	13	15	15	15	25	3	1	4	0	9	7	7	19	17	16	20	8
SAR406_Cluster_991	20	10	1	12	31	6	14	3	39	1	41	0	1	12	13	5	5	13	1	18	10	9	22	10	8	12	3	12	6	20	11	17	15	17	8
SAR406_Cluster_990	17	6	1	2	5	23	8	0	53	1	8	0	0	43	2	1	6	16	25	22	2	3	4	1	3	2	1	8	2	21	9	18	44	26	28
SAR406_Cluster_272	19	5	0	7	21	9	8	0	43	0	55	0	1	6	14	2	5	8	2	11	12	15	35	7	8	16	1	11	9	20	9	18	12	12	3
SAR406_Cluster_378	27	11	3	9	17	6	14	0	34	2	45	0	1	11	13	1	3	10	6	13	20	12	15	5	8	19	0	9	10	18	9	21	11	12	8
SAR406_Cluster_746	21	4	0	9	16	8	28	2	47	1	33	1	1	21	12	7	9	15	16	15	5	5	22	0	3	1	0	4	2	8	5	18	19	26	9
SAR406_Cluster_1195	19	4	0	3	3	13	13	0	65	1	13	0	0	47	6	4	6	11	31	12	3	8	8	3	1	1	0	6	4	4	1	13	38	19	25
SAR406_Cluster_185	20	10	0	6	13	12	18	0	57	4	34	0	0	27	4	2	9	7	9	11	6	15	14	2	3	3	0	5	1	9	13	25	19	8	11
SAR406_Cluster_939	27	6	0	5	15	8	16	1	48	2	32	1	4	17	5	11	2	6	12	4	7	10	23	1	3	3	0	4	2	14	10	18	17	1	10
SAR406_Cluster_39	21	7	1	9	21	6	7	0	13	2	36	1	0	17	5	3	6	10	4	9	11	16	23	3	9	10	0	9	3	13	19	24	9	8	4
SAR406_Cluster_192	18	10	0	11	22	7	4	1	24	0	35	0	0	4	4	8	3	8	6	9	11	18	20	4	12	6	2	6	7	13	7	18	20	7	9
SAR406_Cluster_51	14	16	1	6	11	6	13	0	40	0	33	1	1	20	4	4	6	7	2	7	7	15	21	4	6	2	1	10	4	6	8	20	25	6	4
SAR406_Cluster_29	19	6	1	8	20	6	3	0	15	0	22	0	0	2	10	3	3	2	2	19	15	11	14	14	9	20	0	5	6	13	18	21	15	16	5
SAR406_Cluster_129	16	9	2	9	15	5	4	0	28	0	32	0	1	6	13	4	6	6	4	12	8	15	16	9	5	6	1	9	3	14	15	26	14	4	5
SAR406_Cluster_598	15	9	1	6	6	12	11	0	45	2	20	0	0	19	5	3	6	2	9	13	10	7	14	3	4	7	1	10	5	15	15	14	16	9	5
SAR406_Cluster_472	14	11	2	3	22	8	7	1	28	0	27	2	2	11	4	3	4	7	6	6	10	16	13	4	5	15	2	10	5	7	13	15	12	14	3
SAR406_Cluster_882	24	5	0	0	12	9	11	1	39	0	24	1	2	26	10	7	4	12	7	11	12	12	14	0	2	4	1	2	3	11	2	9	18	7	9
SAR406_Cluster_361	19	11	1	3	17	4	16	0	37	2	20	0	0	11	5	4	7	6	8	8	4	16	15	3	3	4	0	5	5	14	10	20	15	8	6
SAR406_Cluster_720	22	6	0	5	7	9	15	0	44	0	15	1	0	21	6	5	7	19	8	10	3	12	10	2	2	1	0	2	2	8	10	12	20	9	11
SAR406_Cluster_457	11	7	2	2	8	16	9	0	51	1	22	0	1	15	2	3	10	8	9	9	4	7	24	1	1	1	2	3	2	8	11	11	14	6	12
SAR406_Cluster_988	19	6	1	4	9	9	13	0	48	1	16	0	0	20	4	2	5	14	3	6	7	8	12	6	3	7	3	2	7	12	11	14	16	2	2
SAR406_Cluster_115	16	7	0	6	10	9	12	0	33	1	27	1	1	13	8	2	4	9	7	16	4	8	9	5	6	6	0	7	10	5	3	15	13	9	6
SAR406_Cluster_742	22	4	0	4	4	12	14	1	37	0	29	1	2	16	2	6	3	13	4	4	6	7	8	2	5	3	0	6	5	2	9	14	21	10	11
SAR406_Cluster_921	15	7	1	2	9	11	11	1	44	2	25	0	0	10	3	3	5	12	1	2	4	8	12	0	0	3	0	8	5	12	13	14	19	4	13
SAR406_Cluster_869	17	6	1	4	4	8	9	0	32	2	14	0	0	20	7	6	9	9	10	12	2	4	19	4	2	3	1	4	2	7	7	23	10	12	5
SAR406_Cluster_559	16	8	2	3	7	2	12	0	39	1	29	3	2	9	7	4	8	5	12	3	3	12	17	1	2	2	0	3	6	4	10	17	16	3	5
SAR406_Cluster_167	16	10	0	3	7	4	9	0	22	2	15	1	0	14	11	3	0	2	5	2	8	8	15	2	7	4	1	13	6	18	15	12	11	5	13
SAR406_Cluster_2156	21	8	1	4	14	5	8	1	28	0	20	0	0	7	1	2	3	2	1	12	4	9	9	6	8	14	1	7	7	10	11	17	11	8	2
SAR406_Cluster_509	19	10	0	6	22	5	8	0	19	0	32	0	0	8	9	2	4	5	5	6	1	10	10	1	1	3	1	4	3	11	8	10	11	3	5
SAR406_Cluster_275	9	10	0	6	7	7	8	0	22	1	31	0	0	8	6	2	3	6	3	5	7	8	13	3	5	5	0	5	4	7	5	15	7	8	4
SAR406_Cluster_69	20	4	0	2	13	9	5	0	17	4	18	1	1	7	12	6	1	6	6	5	6	11	13	1	3	1	0	1	1	9	7	20	9	7	3
SAR406_Cluster_274	12	8	0	4	15	5	9	0	24	2	25	0	1	2	2	2	0	5	3	11	9	5	12	11	5	9	0	6	5	6	3	9	8	8	3
SAR406_Cluster_774	9	5	1	5	15	5	5	1	28	2	28	1	0	5	6	7	3	2	2	9	3	5	11	5	8	1	0	1	4	19	5	8	8	10	0
SAR406_Cluster_194	7	6	2	5	12	2	6	0	28	0	22	1	0	2	4	7	1	4	4	6	10	6	13	2	3	6	2	7	5	7	9	15	9	4	8
SAR406_Cluster_952	5	3	0	4	9	3	8	0	15	1	31	0	1	5	18	4	8	9	5	3	11	7	16	3	0	0	0	4	2	6	4	11	11	8	9
SAR406_Cluster_242	8	4	1	3	5	8	6	1	13	1	9	1	0	9	3	1	2	5	2	12	9	16	12	4	3	6	0	12	5	11	11	11	13	10	6
SAR406_Cluster_737	20	6	0	6	12	0	6	1	16	4	22	0	0	10	7	4	1	4	4	12	6	5	10	3	4	7	1	9	4	6	1	13	6	7	6
SAR406_Cluster_367	11	4	0	4	19	7	13	0	24	1	15	2	0	8	6	3	2	6	3	6	6	11	9	2	4	4	0	4	3	7	9	16	8	4	1
SAR406_Cluster_736	12	8	1	5	10	1	6	0	21	0	31	3	0	13	8	3	2	4	1	3	5	5	18	2	0	2	2	7	2	5	5	12	8	2	10
SAR406_Cluster_897	9	3	0	1	11	6	8	0	21	1	20	0	0	10	4	2	2	5	5	6	10	6	10	6	4	8	2	4	5	4	8	18	10	3	4
SAR406_Cluster_297	9	8	0	9	9	4	1	0	22	3	24	0	0	9	4	3	0	1	4	5	7	8	11	1	0	4	0	2	5	17	12	8	12	9	3
SAR406_Cluster_283	12	4	0	7	12	7	5	0	12	0	39	0	0	13	3	3	3	3	2	3	4	11	9	1	1	4	0	3	2	12	8	7	9	8	6
SAR406_Cluster_643	12	10	0	4	4	10	11	1	25	0	20	0	0	8	2	5	1	4	8	4	4	6	15	0	2	1	0	2	1	3	9	12	15	11	3
SAR406_Cluster_864	17	7	1	4	7	6	3	0	19	1	19	2	1	10	3	4	3	3	1	9	4	11	10	3	4	3	0	5	3	9	6	12	13	4	4
SAR406_Cluster_375	10	5	0	5	7	11	6	0	27	0	19	1	0	11	6	1	2	6	3	4	5	11	15	3	2	3	1	5	2	6	5	11	9	4	1
SAR406_Cluster_132	10	9	1	1	8	5	7	0	20	0	14	1	2	8	3	2	5	10	2	6	5	6	7	3	4	6	0	4	7	7	6	8	14	5	10
SAR406_Cluster_266	13	10	1	7	9	6	2	0	22	1	21	0	0	8	2	1	1	1	5	9	4	10	10	5	1	8	0	1	7	9	11	4	9	3	4
SAR406_Cluster_541	12	8	0	1	5	7	8	1	23	2	23	2	1	7	6	1	4	4	4	7	6	9	10	2	3	3	0	2	4	5	9	9	7	5	4
SAR406_Cluster_128	6	8	0	6	13	1	9	0	20	1	26	0	0	6	9	0	5	3	2	4	4	8	14	1	3	3	0	2	2	9	8	10	9	6	5
SAR406_Cluster_837	19	6	1	2	6	6	9	1	19	0	8	2	0	11	3	2	6	5	8	3	1	7	9	2	3	3	1	3	2	5	9	13	16	4	8
SAR406_Cluster_295	12	6	0	11	14	2	4	1	27	1	20	0	1	2	7	1	2	0	4	7	6	2	7	2	3	4	0	3	3	22	9	7	5	1	6
SAR406_Cluster_576	15	4	0	4	10	3	12	1	33	0	15	0	0	12	3	3	3	9	5	6	3	6	6	1	0	2	1	6	2	4	7	4	15	1	5
SAR406_Cluster_315	11	5	0	9	6	9	6	0	21	0	9	0	1	16	2	2	2	5	3	9	3	5	11	2	1	3	0	5	1	6	8	14	13	2	7
SAR406_Cluster_124	7	6	0	0	5	9	9	1	31	1	14	0	0	13	6	3	4	6	3	6	2	8	8	0	0	2	0	3	4	10	2	14	7	8	4
SAR406_Cluster_351	12	6	1	2	7	7	10	0	24	2	23	0	0	13	9	7	5	13	4	3	1	1	3	0	0	2	0	0	0	8	3	9	9	5	7
SAR406_Cluster_301	5	6	1	5	14	2	1	0	16	3	25	0	0	4	4	3	3	5	2	5	7	5	8	3	4	7	0	5	3	6	8	11	11	9	4
SAR406_Cluster_754	13	5	1	1	5	7	11	0	26	1	11	0	1	15	3	5	3	5	9	6	2	6	13	0	0	2	0	2	1	2	2	7	17	7	2
SAR406_Cluster_770	10	6	1	1	7	11	12	0	26	0	11	1	2	12	4	2	5	2	2	4	6	9	8	1	3	4	2	4	4	3	3	7	11	4	2
SAR406_Cluster_322	10	4	0	1	6	9	6	0	15	1	20	1	1	6	3	1	5	7	5	4	2	6	12	0	0	3	1	6	4	5	6	10	17	7	4
SAR406_Cluster_987	11	6	0	2	6	6	5	0	23	2	23	0	3	12	4	2	1	2	2	8	2	7	3	1	1	6	3	8	4	6	5	13	5	3	1
SAR406_Cluster_288	9	7	0	7	15	0	4	0	13	0	37	0	1	8	8	2	5	4	3	3	5	7	10	0	2	3	0	1	4	5	5	8	4	2	3
SAR406_Cluster_353	14	3	0	3	7	5	5	0	20	0	31	0	0	2	2	2	3	4	3	4	7	5	14	2	1	2	1	3	0	10	6	9	8	4	4
SAR406_Cluster_660	14	1	1	1	6	4	6	1	18	1	20	0	0	13	6	0	1	3	4	4	7	5	10	0	5	2	0	7	6	4	5	13	9	3	3
SAR406_Cluster_50	13	6	0	1	4	3	3	0	17	2	16	0	0	17	2	4	1	5	6	6	5	9	7	0	2	0	1	0	5	4	8	11	12	5	7
SAR406_Cluster_920	14	4	1	1	2	11	9	0	23	3	7	1	0	21	2	1	3	12	4	2	1	5	5	0	1	0	1	9	2	4	4	11	8	5	2
SAR406_Cluster_615	15	4	3	5	4	4	7	1	19	0	21	0	0	8	4	2	1	3	2	6	5	10	6	2	1	3	0	2	2	9	8	8	8	2	3
SAR406_Cluster_762	6	3	1	2	6	4	8	0	27	0	15	0	1	6	6	2	4	1	11	4	3	1	7	0	0	1	1	2	2	9	9	13	13	1	9
SAR406_Cluster_222	7	3	0	3	3	6	5	1	27	0	10	0	0	16	2	3	2	7	8	6	0	5	9	0	1	2	1	1	2	3	6	10	14	7	7
SAR406_Cluster_160	11	4	0	1	8	3	8	1	21	0	10	0	0	7	4	1	2	6	4	6	0	4	12	0	2	1	0	1	2	17	7	9	13	5	5
SAR406_Cluster_316	14	2	1	2	6	7	11	0	19	0	18	0	0	9	2	3	2	3	5	5	4	1	14	1	2	2	0	6	2	8	4	3	8	5	5
SAR406_Cluster_408	7	8	3	1	6	4	2	0	9	0	12	2	0	1	0	2	3	5	6	6	11	10	11	3	4	7	0	3	4	7	9	13	8	4	2
SAR406_Cluster_5	14	2	1	6	8	5	10	0	16	0	15	0	1	8	3	2	4	6	2	4	2	5	6	3	3	2	0	2	3	6	6	7	12	3	5
SAR406_Cluster_525	13	2	1	2	8	9	5	0	21	0	10	1	0	8	4	2	6	4	1	4	5	8	10	0	1	1	0	3	2	11	11	8	7	0	2
SAR406_Cluster_191	8	5	0	5	15	5	5	0	9	2	15	0	0	3	0	2	1	2	2	3	8	10	12	2	2	9	0	3	1	6	11	15	4	2	2
SAR406_Cluster_193	7	4	1	1	14	2	3	0	14	2	36	0	0	4	1	4	4	6	1	4	6	8	9	2	0	2	0	0	2	9	6	5	7	2	1
SAR406_Cluster_403	12	2	0	0	2	4	9	0	21	0	9	0	1	23	2	1	5	6	5	5	2	3	4	2	0	1	1	1	3	7	8	6	7	5	8
SAR406_Cluster_480	5	7	0	2	9	6	4	0	16	1	17	1	0	11	6	1	3	3	0	3	5	5	9	2	7	3	0	3	5	8	2	9	8	1	3
SAR406_Cluster_618	15	3	1	1	10	3	6	0	13	0	21	0	0	12	4	4	5	1	0	5	3	4	4	0	0	5	1	5	4	11	6	11	1	3	3
SAR406_Cluster_296	9	2	1	5	13	1	3	0	12	0	37	0	0	2	11	3	1	1	1	0	4	3	4	2	1	0	1	3	3	16	12	8	4	1	0
SAR406_Cluster_314	8	4	0	2	4	6	3	0	20	1	12	0	0	10	8	0	2	6	2	4	7	3	11	1	8	5	0	3	2	10	2	6	6	6	2
SAR406_Cluster_757	7	4	0	3	4	5	8	0	24	1	13	0	1	6	1	2	3	9	8	3	1	5	12	1	1	3	0	0	0	2	6	14	12	3	2
SAR406_Cluster_464	3	3	0	2	2	7	19	0	17	1	11	1	0	7	2	1	2	5	4	7	4	6	7	1	6	2	1	0	4	7	5	10	9	3	4
SAR406_Cluster_198	10	6	0	0	7	5	4	0	24	2	12	0	5	20	3	1	4	5	6	0	2	2	5	1	0	2	2	6	2	0	5	5	6	7	2
SAR406_Cluster_223	6	6	0	2	6	5	5	0	14	1	18	1	1	7	5	2	6	4	2	4	4	8	10	2	2	0	1	4	2	11	3	6	9	2	1
SAR406_Cluster_269	10	7	0	4	6	5	3	0	16	1	23	0	0	5	4	1	0	2	6	2	5	3	6	1	1	3	0	4	2	8	14	9	7	0	1
SAR406_Cluster_450	11	5	1	0	9	3	6	0	28	0	8	0	0	7	0	2	4	5	0	11	1	5	13	1	4	2	0	3	2	0	5	5	8	4	5
SAR406_Cluster_517	7	2	0	5	5	3	3	1	14	1	12	1	0	11	5	2	2	3	3	9	5	6	6	3	2	5	1	4	1	8	10	8	4	4	1
SAR406_Cluster_14	8	0	0	4	4	8	12	0	24	1	6	0	1	11	0	5	2	5	3	7	0	4	6	0	2	0	0	3	0	8	5	9	7	5	6
SAR406_Cluster_488	12	5	1	1	8	4	7	0	16	0	10	1	0	9	2	0	2	4	4	6	7	5	5	0	2	2	1	5	4	6	5	6	8	2	6
SAR406_Cluster_447	8	6	2	3	7	1	6	0	19	0	11	3	1	7	4	1	2	4	2	4	7	7	5	2	1	3	0	0	2	7	2	7	9	4	7
SAR406_Cluster_622	5	5	1	2	4	3	4	0	24	1	8	0	0	13	2	7	1	5	4	3	7	6	11	0	2	1	0	2	3	6	4	6	8	1	3
SAR406_Cluster_263	11	2	0	2	3	7	9	0	22	0	4	1	1	14	1	2	6	4	2	5	1	5	7	0	0	1	0	0	1	2	3	18	12	2	3
SAR406_Cluster_379	8	5	0	4	10	3	5	0	18	0	16	1	1	4	2	0	0	4	0	5	7	8	7	3	3	1	1	3	0	4	5	12	6	2	3
SAR406_Cluster_104	14	2	1	1	7	10	3	0	16	1	15	0	0	13	4	3	4	5	4	4	0	4	7	1	1	0	1	1	0	4	3	6	10	2	3
SAR406_Cluster_641	11	6	2	2	4	7	9	0	14	0	13	0	0	11	4	0	2	7	4	3	2	2	5	1	3	1	0	2	1	1	8	8	8	5	4
SAR406_Cluster_564	9	1	0	3	1	4	4	0	16	0	9	0	2	7	5	1	0	6	8	11	1	1	6	2	1	2	0	2	2	8	4	13	9	10	1
SAR406_Cluster_767	11	2	0	2	3	4	3	0	12	0	15	0	0	11	3	0	1	5	2	6	3	3	4	7	3	2	0	2	6	2	5	9	9	8	6
SAR406_Cluster_213	7	1	0	6	5	4	6	0	17	0	12	0	1	13	7	2	2	5	1	4	1	5	4	0	0	0	0	1	1	7	3	9	13	8	3
SAR406_Cluster_508	6	0	0	1	5	6	5	0	21	1	28	0	1	8	1	2	1	4	1	2	4	7	9	2	0	1	0	0	2	3	7	4	10	4	2
SAR406_Cluster_429	9	1	1	2	9	6	5	0	22	1	6	1	0	12	3	2	2	4	2	3	1	6	6	0	2	4	1	3	4	4	2	5	8	7	1
SAR406_Cluster_951	6	1	0	4	7	2	5	1	11	0	17	0	1	5	5	7	1	3	3	6	3	1	10	2	1	1	0	3	1	6	1	10	11	8	2
SAR406_Cluster_849	10	0	1	0	3	1	3	1	33	2	12	0	1	13	1	1	3	3	5	6	1	5	7	1	0	3	0	1	2	1	5	7	6	5	0
SAR406_Cluster_651	10	1	0	1	5	0	10	1	15	1	13	2	0	8	3	3	4	2	4	1	1	8	7	1	2	1	0	1	3	6	4	8	10	4	2
SAR406_Cluster_676	4	5	1	3	7	7	3	0	11	1	17	1	0	7	5	0	1	2	2	1	2	3	7	1	3	2	2	3	3	7	10	8	5	4	4
SAR406_Cluster_307	11	0	0	2	1	8	3	0	19	0	8	0	0	11	1	1	2	3	2	10	5	4	11	2	1	2	1	5	2	3	4	9	7	3	0
SAR406_Cluster_520	9	4	0	7	4	3	8	0	20	0	11	0	0	3	3	2	3	2	4	4	4	2	9	2	1	1	1	3	0	2	2	15	9	2	1
SAR406_Cluster_484	11	2	0	0	8	6	4	0	17	1	7	3	1	6	2	0	3	5	1	3	2	4	5	1	1	1	2	3	2	7	11	9	4	1	7
SAR406_Cluster_760	5	5	0	3	4	8	8	0	13	0	12	0	0	7	0	1	2	9	3	2	1	4	9	0	5	7	1	4	3	2	4	7	5	2	4
SAR406_Cluster_1870	4	3	0	0	5	5	1	0	13	0	12	0	0	2	4	0	1	3	2	5	4	11	5	6	4	3	0	6	4	8	8	10	5	4	2
SAR406_Cluster_539	5	1	0	1	6	4	7	0	13	0	14	0	0	7	3	1	1	8	5	5	3	4	12	0	3	3	0	1	0	5	5	10	6	2	4
SAR406_Cluster_778	6	5	0	3	3	5	6	0	22	0	10	0	0	8	2	0	0	5	3	6	1	3	11	0	1	4	0	0	3	2	5	9	7	4	5
SAR406_Cluster_280	9	7	1	5	11	1	3	0	16	1	17	1	0	6	5	3	1	3	1	3	2	1	7	1	1	4	0	1	1	10	2	5	6	1	0
SAR406_Cluster_93	7	6	0	1	6	3	3	1	13	0	15	1	1	5	3	2	0	4	2	3	2	3	10	0	0	1	1	1	0	10	14	8	5	1	3
SAR406_Cluster_110	10	7	0	1	7	5	2	0	11	0	13	0	1	8	2	2	0	6	0	4	4	5	8	0	0	1	1	4	5	2	3	10	8	5	0
SAR406_Cluster_37	4	3	0	1	3	1	3	0	14	1	10	1	0	11	6	2	1	5	3	3	7	5	4	0	3	1	1	3	4	3	3	9	7	6	6
SAR406_Cluster_148	3	3	0	3	3	1	3	0	18	1	12	0	1	9	3	2	3	7	5	1	5	3	2	3	3	5	0	6	4	2	3	5	3	7	5
SAR406_Cluster_533	7	1	0	3	5	5	5	0	19	0	9	3	0	5	2	1	1	10	4	7	4	4	10	1	3	1	0	2	1	3	3	3	7	3	2
SAR406_Cluster_282	6	6	1	2	7	3	3	0	11	1	17	1	0	4	12	4	1	5	1	2	3	3	4	0	2	2	2	1	4	8	4	4	4	1	4
SAR406_Cluster_341	12	3	0	3	4	4	4	1	17	1	10	1	0	10	3	3	1	3	3	7	1	1	6	0	0	3	0	1	0	7	4	7	6	5	1
SAR406_Cluster_740	4	0	0	0	1	2	3	0	29	0	8	1	0	17	3	4	1	6	6	2	4	1	3	1	2	1	0	2	0	3	0	7	8	8	5
SAR406_Cluster_125	6	4	0	1	8	7	5	0	15	0	12	0	1	8	4	1	1	5	2	5	2	5	7	1	1	3	0	0	1	2	1	7	9	4	3
SAR406_Cluster_600	6	3	0	1	7	2	4	0	12	0	12	1	0	3	3	2	4	5	4	6	7	2	7	3	2	4	0	1	1	7	6	4	8	3	1
SAR406_Cluster_10	12	5	1	1	7	7	6	0	17	0	9	1	1	6	2	1	1	1	3	5	3	1	4	1	1	0	0	1	0	4	4	10	6	5	4
SAR406_Cluster_299	7	5	0	4	9	2	2	0	7	0	10	0	1	9	4	0	0	1	1	5	4	5	5	0	2	3	0	4	4	12	6	4	5	6	2
SAR406_Cluster_597	9	3	2	1	7	5	4	0	13	0	9	1	0	9	4	1	6	0	2	0	9	4	6	0	1	1	1	1	1	7	5	4	5	3	5
SAR406_Cluster_1873	4	2	0	0	6	2	4	0	14	0	13	0	0	5	4	0	2	3	0	9	4	12	6	1	2	4	2	4	5	9	5	3	1	3	0
SAR406_Cluster_298	9	4	0	6	7	3	1	0	15	2	20	0	0	2	2	2	2	3	0	4	1	5	4	0	2	1	0	0	2	9	3	7	6	5	1
SAR406_Cluster_1167	7	3	0	2	3	1	2	0	6	0	2	0	1	1	0	2	2	0	2	3	11	6	5	1	4	6	3	10	11	8	4	10	8	2	2
SAR406_Cluster_1868	6	3	1	0	5	1	1	0	9	0	6	0	0	7	4	3	0	0	2	13	7	6	15	5	1	6	0	2	3	5	4	7	0	2	4
SAR406_Cluster_362	5	3	0	2	2	1	5	0	20	0	8	0	0	9	1	0	1	7	4	2	3	4	2	1	2	2	1	3	0	7	3	11	9	6	3
SAR406_Cluster_514	12	10	1	5	3	3	4	0	12	1	10	1	1	3	2	1	2	4	1	5	7	3	6	2	3	2	1	3	0	1	2	1	6	5	4
SAR406_Cluster_312	3	6	1	2	8	7	4	0	9	2	13	2	0	5	3	2	1	4	4	6	1	1	2	0	0	3	1	2	5	3	6	6	4	6	4
SAR406_Cluster_940	6	2	0	3	3	5	9	0	17	3	10	0	1	10	2	2	3	4	4	2	2	2	7	0	0	2	0	4	0	1	1	7	6	3	4
SAR406_Cluster_285	3	8	0	2	10	4	2	0	4	0	16	0	0	3	1	3	0	4	1	4	4	6	5	0	3	2	0	3	2	5	5	13	9	2	0
SAR406_Cluster_355	6	3	0	3	5	3	3	0	14	0	15	1	0	3	8	1	0	4	3	1	3	4	5	0	3	5	0	2	1	6	5	6	7	4	0
SAR406_Cluster_289	5	7	0	2	6	2	6	0	10	0	17	0	0	1	3	1	3	5	1	5	6	7	9	1	1	0	0	3	1	3	3	6	5	2	2
SAR406_Cluster_437	8	2	0	1	3	6	4	0	14	0	6	0	0	5	5	2	4	1	3	4	2	4	7	1	2	4	0	5	0	5	6	5	3	6	5
SAR406_Cluster_596	6	5	0	0	3	6	3	0	14	0	9	1	1	4	3	3	1	6	2	2	1	3	9	2	3	3	0	4	4	3	3	6	5	3	5
SAR406_Cluster_709	4	0	1	1	6	5	4	0	19	0	10	0	2	10	0	4	2	3	2	7	3	4	5	0	1	2	0	2	1	1	5	3	7	2	7
SAR406_Cluster_798	10	1	0	2	4	3	5	0	18	1	16	0	0	7	4	0	2	4	3	2	3	6	3	0	1	1	0	2	0	6	3	6	5	1	4
SAR406_Cluster_894	5	3	0	0	4	5	6	0	10	0	12	1	1	2	3	2	1	1	3	3	2	3	11	2	3	4	2	1	2	8	7	6	4	4	2
SAR406_Cluster_127	5	3	0	3	4	4	2	0	11	1	17	0	0	11	7	1	1	0	5	4	5	1	4	2	1	2	1	0	1	6	2	11	3	2	2
SAR406_Cluster_138	9	4	1	1	2	2	3	2	22	0	7	1	0	8	7	2	3	5	2	2	1	2	8	0	0	0	0	1	2	2	1	8	7	6	1
SAR406_Cluster_359	4	3	0	3	7	6	4	0	14	0	9	1	0	9	3	1	1	6	6	3	6	1	6	0	1	3	0	3	4	3	3	6	1	2	3
SAR406_Cluster_121	4	3	0	5	6	5	5	0	16	0	8	0	0	5	4	3	1	2	4	3	3	3	5	1	2	1	1	1	1	2	7	8	5	4	3
SAR406_Cluster_196	11	2	0	2	6	4	1	0	8	0	16	3	0	5	2	2	1	3	4	2	1	10	5	1	1	0	0	4	2	4	1	6	9	3	2
SAR406_Cluster_17	7	2	1	0	1	9	6	0	11	2	2	0	1	4	4	3	1	5	4	8	0	4	5	0	1	2	1	5	0	4	2	3	11	7	4
SAR406_Cluster_126	12	7	0	1	7	1	1	0	12	0	19	1	0	3	1	6	3	6	2	1	1	4	5	2	0	0	0	1	3	5	5	4	3	4	0
SAR406_Cluster_248	5	4	0	4	1	3	5	0	21	1	10	1	2	8	1	2	1	0	1	4	3	6	5	0	0	4	0	5	5	2	2	3	2	4	5
SAR406_Cluster_323	7	3	0	0	3	6	5	0	13	0	18	0	0	10	1	2	1	2	1	4	3	4	6	0	1	0	1	2	0	2	4	6	10	3	2
SAR406_Cluster_333	8	3	0	3	0	2	6	0	21	1	13	0	0	11	0	1	3	4	1	2	3	2	9	1	1	1	1	2	1	1	0	7	5	2	4
SAR406_Cluster_433	7	3	0	5	4	5	5	0	11	1	6	0	0	3	2	5	2	0	6	2	4	5	8	0	3	4	0	3	0	4	2	1	8	6	4
SAR406_Cluster_657	5	7	0	4	0	5	2	0	12	0	11	0	0	5	2	0	3	0	4	7	7	2	9	2	0	3	0	4	0	7	2	3	6	4	3
SAR406_Cluster_771	5	2	0	1	6	1	2	0	19	0	9	0	0	8	3	1	0	5	3	5	2	6	4	4	1	1	1	5	1	5	5	4	5	5	0
SAR406_Cluster_775	8	3	0	3	5	2	3	0	8	2	15	0	1	1	8	1	2	1	1	2	5	3	9	0	3	2	0	5	1	6	3	6	3	4	3
SAR406_Cluster_16	5	1	1	3	7	2	4	0	8	1	15	0	0	5	6	3	2	4	1	4	1	3	4	0	0	2	0	1	1	4	2	12	10	4	2
SAR406_Cluster_672	5	3	1	4	3	3	3	1	14	1	4	0	0	2	1	1	2	1	2	2	2	5	6	2	4	5	2	3	3	4	5	10	6	3	3
SAR406_Cluster_1039	4	6	1	1	6	3	3	0	10	0	7	0	0	2	3	0	1	1	1	8	4	4	8	0	2	2	1	6	5	5	8	4	2	3	5
SAR406_Cluster_1041	3	1	0	4	5	2	4	0	12	0	8	0	0	5	0	0	0	0	0	1	4	3	13	2	1	5	0	3	5	1	10	13	3	1	7
SAR406_Cluster_934	5	2	0	4	4	2	5	0	6	0	13	0	0	4	5	0	1	1	2	3	6	3	6	0	1	3	1	1	2	8	4	10	3	3	7
SAR406_Cluster_319	6	5	0	3	8	6	12	0	12	2	8	0	0	7	1	0	2	3	1	3	2	5	1	0	0	0	0	3	2	2	2	4	9	3	2
SAR406_Cluster_481	8	1	0	4	7	4	3	0	15	0	10	0	0	4	5	0	3	2	5	5	1	4	3	0	0	2	2	0	3	3	6	6	6	1	1
SAR406_Cluster_563	0	0	0	0	4	11	2	0	21	0	8	0	1	14	4	1	1	3	4	7	3	1	4	0	2	2	1	0	1	2	2	7	4	3	1
SAR406_Cluster_616	7	4	0	0	1	1	3	0	9	0	16	0	0	3	0	0	2	5	0	4	6	6	7	0	4	7	0	1	1	6	1	5	8	2	5
SAR406_Cluster_890	4	2	0	3	5	3	3	0	17	0	13	0	1	5	2	2	2	5	5	1	0	3	6	0	0	1	0	3	3	2	2	8	7	3	3
SAR406_Cluster_195	6	2	0	1	1	3	2	1	15	0	10	1	0	5	3	1	3	5	3	2	6	5	4	3	3	2	1	1	1	3	4	3	6	7	0
SAR406_Cluster_245	8	3	1	2	4	2	1	0	10	0	9	0	0	6	2	3	2	2	1	3	3	8	9	1	2	1	0	4	4	3	3	3	6	3	4
SAR406_Cluster_262	3	1	0	5	3	3	6	0	20	0	4	1	0	8	0	1	1	2	1	3	4	1	7	0	1	1	0	1	2	3	9	6	10	2	4
SAR406_Cluster_627	7	2	0	3	5	2	3	0	16	0	7	2	0	6	3	1	2	3	3	0	3	1	3	1	1	1	0	2	1	4	3	6	13	4	4
SAR406_Cluster_232	8	1	1	1	3	4	7	0	18	1	9	0	2	7	1	0	1	2	2	5	2	3	4	2	1	4	0	0	3	1	2	2	13	0	1
SAR406_Cluster_427	7	3	0	1	1	5	2	0	12	0	5	0	0	2	0	1	0	4	1	3	3	3	11	2	1	2	1	4	4	7	7	9	5	1	4
SAR406_Cluster_992	6	5	0	1	7	4	3	0	8	0	4	0	3	7	3	1	0	7	7	2	1	3	5	0	0	1	2	2	1	2	2	8	9	3	4
SAR406_Cluster_551	7	2	0	1	2	3	5	1	18	0	7	0	1	6	3	0	0	3	1	5	3	3	3	1	0	1	0	3	4	1	5	10	3	3	5
SAR406_Cluster_620	5	1	0	2	6	1	5	0	12	0	9	0	2	16	3	1	2	4	7	3	3	2	5	0	0	0	0	0	2	3	2	5	5	2	2
SAR406_Cluster_1502	4	1	0	2	3	3	2	0	10	0	8	0	0	3	1	1	2	0	2	6	0	7	6	2	7	3	3	7	3	6	5	6	2	0	5
SAR406_Cluster_465	6	2	0	5	5	6	2	0	5	0	11	1	1	5	2	1	2	3	2	6	1	4	5	1	0	0	0	1	1	3	5	7	7	6	3
SAR406_Cluster_1227	8	3	1	4	2	6	4	0	16	1	10	0	0	8	2	2	1	4	1	3	0	2	3	0	0	0	0	0	3	1	7	5	4	4	4
SAR406_Cluster_190	4	5	1	3	5	1	4	1	13	0	12	2	0	2	3	2	2	3	2	1	4	3	7	1	3	3	0	2	1	6	6	3	1	0	2
SAR406_Cluster_346	4	2	0	1	4	3	5	0	11	0	13	0	1	7	1	1	3	3	0	4	1	3	7	1	0	1	0	0	4	4	4	7	5	4	4
SAR406_Cluster_409	7	1	0	3	7	6	9	1	20	0	11	0	2	1	1	5	2	4	5	0	1	1	3	0	0	1	0	0	0	3	0	5	3	3	3
SAR406_Cluster_1867	3	4	0	3	7	2	3	0	5	0	11	0	0	4	3	1	0	2	3	3	2	7	3	2	1	5	0	2	7	4	2	9	4	1	5
SAR406_Cluster_2	1	3	1	1	2	2	0	0	17	0	6	0	1	8	4	0	1	2	5	3	0	5	5	0	2	1	2	7	1	4	5	5	6	4	3
SAR406_Cluster_6	5	2	0	1	4	6	5	1	13	0	7	2	0	7	1	1	1	4	0	3	3	3	5	1	0	4	0	3	1	4	4	3	6	5	2
SAR406_Cluster_68	7	3	1	5	2	4	2	0	10	0	9	1	0	0	1	0	3	7	0	2	3	6	6	0	3	2	0	3	1	3	3	5	7	3	5
SAR406_Cluster_938	5	3	1	1	4	8	4	1	16	0	11	0	0	1	3	1	2	5	4	6	3	5	5	0	1	1	0	1	2	3	2	2	5	1	0
SAR406_Cluster_350	6	2	0	1	1	3	7	1	25	0	11	0	1	8	4	0	2	4	4	1	1	1	2	0	0	0	0	2	0	3	1	5	4	2	4
SAR406_Cluster_560	3	4	0	0	0	4	10	0	12	1	8	2	0	6	2	2	0	0	4	4	0	5	6	0	1	0	0	3	1	6	3	6	4	4	5
SAR406_Cluster_677	11	2	0	1	3	2	4	1	14	0	13	0	0	4	3	0	1	3	0	1	5	1	3	1	1	1	1	2	1	3	3	4	12	2	3
SAR406_Cluster_133	7	5	0	1	3	7	3	0	14	0	6	1	1	4	4	0	1	1	4	2	0	6	5	2	1	1	0	5	1	4	3	4	6	2	0
SAR406_Cluster_154	7	1	0	0	8	5	3	0	14	0	11	2	0	4	0	1	3	6	3	1	4	2	4	0	0	0	0	2	2	4	3	4	5	3	2
SAR406_Cluster_430	4	4	1	3	7	6	4	0	19	1	5	0	0	4	0	2	2	4	3	3	5	2	2	1	0	0	0	1	3	3	4	4	3	1	3
SAR406_Cluster_524	6	2	0	2	6	2	2	0	14	0	7	1	0	3	0	1	1	5	0	4	2	6	7	1	2	2	0	1	2	3	4	6	5	1	6
SAR406_Cluster_607	2	0	0	2	9	4	3	0	3	0	8	0	1	6	1	2	3	6	4	3	4	2	10	0	2	1	0	0	0	5	9	4	2	2	6
SAR406_Cluster_638	6	0	0	2	2	3	10	0	14	1	16	0	0	8	2	0	3	0	3	3	2	3	2	0	0	1	1	3	1	1	8	5	3	1	0
SAR406_Cluster_899	7	3	0	2	2	5	7	0	11	0	17	0	0	8	3	1	2	1	1	1	1	0	5	0	0	1	0	2	1	0	6	5	2	7	3
SAR406_Cluster_55	7	8	0	3	1	3	5	0	17	0	10	0	0	1	1	0	3	5	3	1	1	6	3	1	2	3	0	2	2	0	0	5	4	3	3
SAR406_Cluster_229	6	4	0	1	4	8	4	0	12	0	4	0	0	4	0	3	3	4	5	2	3	3	2	0	3	1	0	5	3	2	2	6	7	0	2
SAR406_Cluster_494	6	7	2	0	4	4	5	0	17	1	9	0	0	7	2	0	3	4	8	0	1	1	5	0	0	0	0	2	1	0	0	2	5	2	5
SAR406_Cluster_652	5	1	0	1	8	2	6	0	13	0	8	5	0	12	1	0	1	5	0	3	4	2	2	0	0	1	0	1	2	1	4	10	3	1	1
SAR406_Cluster_1079	5	6	0	1	5	2	3	0	15	1	13	0	0	8	2	0	3	6	2	0	0	4	4	0	2	0	0	2	0	4	2	7	2	2	2
SAR406_Cluster_73	14	1	0	3	2	6	2	0	12	0	3	1	0	6	3	0	2	0	3	1	2	6	3	2	2	2	0	2	5	4	3	8	2	0	2
SAR406_Cluster_546	4	4	0	1	0	4	6	0	16	1	5	0	0	7	0	2	3	5	4	2	4	3	5	0	0	1	1	1	0	0	4	4	11	2	2
SAR406_Cluster_4	5	4	0	3	2	2	1	0	15	0	16	0	0	9	2	2	0	0	3	4	2	3	5	0	0	0	1	0	4	4	1	3	5	2	2
SAR406_Cluster_268	7	7	0	1	3	1	5	0	12	0	9	0	0	2	2	1	2	0	1	7	4	2	3	1	1	0	1	2	2	2	4	9	6	1	2
SAR406_Cluster_150	5	1	0	0	5	2	4	0	13	0	5	1	0	8	4	1	2	4	5	6	0	5	2	0	0	0	0	0	1	2	2	9	6	2	4
SAR406_Cluster_776	6	5	0	2	3	0	1	2	11	0	12	2	1	3	5	1	0	0	2	0	2	0	7	1	3	3	1	2	5	4	0	8	3	2	2
SAR406_Cluster_345	3	2	0	2	4	1	4	0	9	1	7	0	1	5	2	3	0	3	3	1	3	3	5	1	1	2	2	3	2	3	5	2	9	2	4
SAR406_Cluster_521	4	5	0	6	6	3	3	0	4	0	13	1	0	0	3	0	1	1	4	1	4	4	3	0	2	3	0	3	1	6	5	4	5	2	1
SAR406_Cluster_287	8	0	0	3	6	0	1	0	10	0	9	0	0	6	6	1	0	3	0	5	1	5	8	1	2	2	0	5	0	4	2	4	3	1	1
SAR406_Cluster_1089	4	3	0	3	5	0	1	0	9	1	6	0	0	3	2	1	1	3	4	5	2	2	9	0	0	1	1	3	2	6	2	8	3	3	4
SAR406_Cluster_608	3	0	0	2	2	5	6	0	16	0	8	0	0	3	3	1	2	2	0	3	3	1	5	0	0	4	0	2	2	5	5	5	2	2	4
SAR406_Cluster_554	8	4	0	1	3	4	1	0	14	0	3	0	0	4	0	2	0	2	3	0	3	2	5	1	2	4	0	2	2	2	1	7	7	3	5
SAR406_Cluster_617	2	4	0	0	6	0	0	0	9	1	9	0	0	3	2	1	2	4	0	7	6	1	6	0	3	3	1	2	2	2	3	3	7	6	0
SAR406_Cluster_797	6	3	0	1	4	1	2	0	11	0	6	1	1	7	2	0	1	5	2	2	0	4	3	2	1	3	1	1	1	4	3	5	9	2	1
SAR406_Cluster_891	3	7	0	2	2	2	4	0	9	0	9	1	0	8	0	1	3	1	1	2	2	3	11	0	0	0	0	1	2	3	2	5	5	4	2
SAR406_Cluster_896	6	6	0	0	5	2	4	2	10	0	8	0	0	4	2	1	3	0	1	3	2	4	7	0	0	1	0	3	0	2	3	8	4	2	2
SAR406_Cluster_1533	3	1	0	1	3	0	3	0	7	0	10	0	1	2	2	0	1	1	0	8	6	4	3	4	5	6	1	4	4	2	5	2	1	2	3
SAR406_Cluster_215	7	2	0	0	4	6	2	0	11	1	10	1	1	9	2	0	4	2	4	2	0	5	6	1	0	1	1	4	0	1	0	2	2	2	1
SAR406_Cluster_498	14	4	1	0	9	0	3	0	10	1	6	2	0	3	5	2	1	5	1	1	1	1	4	0	0	0	0	3	1	4	1	2	7	1	1
SAR406_Cluster_531	6	3	0	0	4	4	3	0	7	0	7	2	0	3	2	2	2	4	4	0	5	7	3	0	0	2	0	4	1	1	1	5	6	6	0
SAR406_Cluster_718	5	2	0	1	3	2	4	0	6	2	3	0	0	5	5	2	4	4	5	0	2	0	5	1	0	1	0	0	1	2	2	11	7	7	2
SAR406_Cluster_19	3	1	1	2	1	4	4	0	17	0	3	1	0	10	0	1	2	4	6	0	3	2	1	0	0	0	0	0	0	2	5	8	6	2	4
SAR406_Cluster_544	4	3	0	3	3	4	1	0	11	0	15	1	0	2	3	1	1	4	0	0	1	2	8	0	0	0	0	2	1	5	5	5	3	3	2
SAR406_Cluster_594	5	1	1	0	1	2	6	1	21	0	5	2	1	5	3	0	0	2	2	4	1	4	3	0	1	1	0	2	0	3	2	2	7	0	5
SAR406_Cluster_801	6	0	0	1	4	4	1	0	15	0	9	3	0	5	3	2	5	3	6	2	0	1	3	0	1	0	1	2	2	0	1	3	6	2	2
SAR406_Cluster_309	7	2	0	1	5	1	1	0	12	0	17	0	0	1	2	2	1	0	4	0	5	4	5	0	1	2	0	1	0	5	6	1	4	0	2
SAR406_Cluster_369	3	4	0	1	4	3	4	0	16	1	4	0	0	2	2	1	2	0	3	3	2	2	4	2	1	1	0	4	2	7	2	3	5	4	0
SAR406_Cluster_697	3	5	0	2	3	2	0	0	8	1	5	2	0	8	5	0	2	2	0	4	2	5	8	0	0	0	0	0	1	3	2	4	10	2	3
SAR406_Cluster_954	8	2	0	0	3	0	1	0	20	0	18	0	0	5	2	1	0	0	0	3	4	2	2	0	0	4	0	1	0	6	1	2	5	0	1
SAR406_Cluster_1876	9	2	0	1	4	3	1	0	11	0	3	0	0	3	3	1	1	2	0	2	4	4	4	1	2	3	0	4	4	6	6	4	3	0	0
SAR406_Cluster_769	7	2	1	2	4	2	2	0	9	1	9	1	0	5	2	1	1	2	5	0	1	2	5	0	1	2	0	5	0	2	3	6	4	2	1
SAR406_Cluster_137	6	1	0	2	3	2	4	0	8	0	3	0	0	10	3	2	2	2	1	4	4	3	1	1	0	7	0	1	1	4	2	4	3	2	3
SAR406_Cluster_327	3	1	0	0	7	4	2	0	9	0	9	0	0	3	2	2	2	2	2	3	2	3	4	0	1	0	0	3	0	4	4	6	5	2	4
SAR406_Cluster_556	4	4	1	0	6	5	1	0	9	0	5	0	0	9	1	1	0	1	1	3	1	4	1	1	1	3	2	3	1	4	5	7	2	1	2
SAR406_Cluster_571	2	3	0	0	3	1	2	0	9	0	14	0	0	5	2	1	3	2	3	2	3	3	3	3	0	2	0	0	3	5	9	3	2	1	0
SAR406_Cluster_1091	4	2	0	2	1	3	6	0	15	1	11	0	0	9	4	3	1	3	1	1	0	5	2	0	0	0	0	0	0	2	5	4	1	1	2
SAR406_Cluster_94	6	4	0	1	4	1	0	0	6	0	16	0	0	2	2	1	2	2	3	1	1	3	4	0	0	0	0	0	1	5	2	7	10	1	3
SAR406_Cluster_522	3	5	0	2	3	0	4	0	4	0	8	0	0	2	2	0	2	2	1	0	2	3	12	2	1	2	0	0	1	4	6	3	5	5	4
SAR406_Cluster_828	5	4	0	4	5	3	4	1	11	0	7	0	1	3	3	0	2	2	2	1	2	3	5	1	0	3	0	1	2	3	2	2	4	1	1
SAR406_Cluster_612	4	5	0	1	1	2	3	0	16	0	7	1	1	3	3	1	1	4	3	7	1	3	3	0	0	0	0	0	1	2	3	2	4	3	2
SAR406_Cluster_7	7	0	0	0	2	4	4	0	10	0	9	3	0	9	1	2	0	3	4	2	3	5	2	0	0	0	0	0	0	3	0	3	6	1	3
SAR406_Cluster_424	4	4	0	3	7	3	6	0	7	1	3	0	1	3	4	1	0	5	4	2	1	4	3	2	0	1	0	1	0	2	3	3	2	2	4
SAR406_Cluster_915	1	3	2	2	2	2	5	0	10	0	1	0	0	9	1	3	3	1	4	1	0	3	6	1	1	1	0	2	1	1	5	3	8	3	1
SAR406_Cluster_1869	3	1	1	5	6	2	0	0	6	0	6	0	0	1	6	0	0	1	1	2	3	6	7	1	3	1	1	6	2	2	2	4	5	2	0
SAR406_Cluster_515	9	1	0	0	2	4	2	0	3	0	10	0	0	7	0	1	0	2	3	1	2	2	3	3	1	4	0	1	3	4	5	4	4	2	2
SAR406_Cluster_785	5	2	1	3	6	4	3	1	14	0	9	0	0	3	1	4	0	1	1	1	0	1	8	0	0	1	0	0	0	1	2	6	2	4	1
SAR406_Cluster_895	7	4	0	0	4	3	2	0	10	0	7	0	0	4	0	1	1	3	3	1	1	1	4	1	1	1	0	0	4	7	5	4	6	0	0
SAR406_Cluster_3	5	1	1	0	1	2	2	0	15	0	7	0	0	8	0	2	3	3	2	1	4	0	2	0	0	1	0	1	4	3	3	2	6	3	1
SAR406_Cluster_162	5	0	0	4	0	7	4	1	10	0	5	0	0	7	6	2	0	1	3	3	0	0	5	0	0	0	0	1	0	2	2	5	5	1	4
SAR406_Cluster_236	3	0	0	2	5	0	2	0	7	0	8	0	0	1	3	0	1	2	3	5	2	4	4	1	2	1	0	2	3	7	6	4	2	3	0
SAR406_Cluster_278	5	4	0	3	5	0	3	0	9	0	20	0	0	1	1	0	2	2	0	0	4	3	6	2	0	1	0	0	0	1	0	3	2	3	3
SAR406_Cluster_883	2	1	0	3	3	1	2	0	11	0	7	0	0	7	1	1	1	3	7	4	4	2	3	1	0	1	1	2	0	3	1	8	2	1	0
SAR406_Cluster_948	7	2	1	0	3	4	3	0	11	0	5	0	1	4	0	2	1	1	2	3	1	3	5	1	2	2	0	0	0	3	3	3	7	2	1
SAR406_Cluster_64	4	1	0	0	6	7	2	0	13	0	7	0	0	1	2	0	2	2	0	4	0	0	6	3	1	1	0	2	2	1	1	4	5	4	1
SAR406_Cluster_108	5	1	2	0	2	3	5	0	7	1	6	0	0	5	1	3	6	2	2	2	3	2	4	0	1	0	1	0	3	1	1	4	4	5	0
SAR406_Cluster_270	7	4	1	3	2	2	2	0	7	0	14	0	0	3	1	0	0	1	0	0	2	4	2	0	1	3	0	2	0	4	4	8	4	1	0
SAR406_Cluster_368	7	2	0	1	5	4	3	0	10	1	6	1	0	3	1	3	1	3	0	2	3	3	1	0	1	0	0	2	0	3	4	4	4	3	1
SAR406_Cluster_1120	1	2	0	3	3	3	6	0	11	0	8	1	0	3	3	0	2	6	0	0	1	3	1	0	0	0	0	0	1	4	4	3	4	5	4
SAR406_Cluster_570	3	3	0	4	2	2	2	0	11	1	6	2	0	3	2	0	0	3	2	1	1	5	3	0	0	1	0	2	5	2	2	0	9	2	2
SAR406_Cluster_790	9	0	0	1	6	2	2	0	11	0	4	2	0	2	1	1	3	2	1	1	0	3	5	0	1	1	1	0	4	1	6	3	5	1	2
SAR406_Cluster_1455	4	1	1	1	5	0	6	1	7	0	2	0	0	2	0	0	0	1	0	4	3	8	7	1	0	3	0	4	2	3	2	2	7	2	2
SAR406_Cluster_95	5	2	0	3	3	3	2	0	12	0	12	0	2	1	0	1	2	3	2	0	0	1	4	0	0	0	0	2	1	4	3	5	4	2	1
SAR406_Cluster_383	2	0	0	1	2	3	5	0	9	1	4	0	0	10	2	0	1	3	3	5	0	3	7	0	0	0	0	0	2	1	2	3	7	2	2
SAR406_Cluster_428	2	1	0	1	8	2	1	0	10	0	8	2	0	7	0	1	0	3	1	1	1	1	4	1	0	5	0	1	1	2	3	1	6	3	3
SAR406_Cluster_833	5	3	0	0	3	3	3	0	6	0	8	0	0	3	0	0	2	4	4	3	1	5	3	1	1	2	0	3	0	2	3	4	4	3	1
SAR406_Cluster_853	7	0	1	1	3	4	3	0	12	0	3	0	0	1	1	0	1	1	1	2	1	1	2	1	1	1	0	1	2	1	5	6	8	4	5
SAR406_Cluster_49	4	0	2	3	0	2	3	0	17	1	2	2	0	3	1	2	2	4	1	2	2	4	1	0	0	0	1	1	2	0	3	9	3	2	0
SAR406_Cluster_532	5	2	0	1	2	1	2	0	5	0	8	1	1	5	1	1	2	3	1	2	2	4	3	0	2	1	0	0	0	6	3	5	3	3	4
SAR406_Cluster_753	2	3	2	1	3	2	2	0	8	1	6	1	0	9	0	2	1	2	4	2	1	2	4	1	0	0	0	3	2	0	0	4	3	6	2
SAR406_Cluster_122	4	2	0	2	2	3	0	0	12	0	3	0	0	7	0	1	2	5	1	2	1	3	4	0	2	1	1	0	0	0	4	6	8	0	2
SAR406_Cluster_513	5	0	0	0	3	5	1	0	14	0	6	0	0	6	1	0	1	2	1	2	1	2	0	1	2	0	0	3	3	0	3	9	3	1	3
SAR406_Cluster_528	3	0	0	3	3	3	3	1	9	0	10	0	1	6	3	1	4	1	0	0	1	2	4	1	0	1	0	0	1	7	3	3	2	0	2
SAR406_Cluster_636	5	1	0	3	0	4	4	0	12	0	5	1	0	4	1	2	3	0	1	1	1	3	6	0	0	0	1	2	2	2	2	7	3	1	1
SAR406_Cluster_671	8	2	0	0	1	1	3	0	11	0	2	1	0	5	3	2	1	0	7	1	0	4	3	1	0	1	0	0	2	1	2	9	3	4	0
SAR406_Cluster_725	9	2	0	0	2	2	2	0	19	0	4	0	0	6	2	1	1	3	2	0	0	6	2	0	0	0	0	0	1	3	1	3	3	1	3
SAR406_Cluster_943	7	8	0	1	4	3	5	0	6	0	8	0	0	4	0	1	1	3	0	0	0	2	2	0	1	1	0	4	0	5	2	1	4	0	5
SAR406_Cluster_982	1	3	0	0	2	2	3	0	13	0	6	0	0	7	2	0	2	2	0	1	2	2	4	0	2	0	1	2	1	3	2	6	8	0	1
SAR406_Cluster_74	2	2	1	0	2	1	1	0	13	1	4	1	0	8	1	1	1	5	0	3	2	1	4	0	1	0	0	1	1	3	3	4	7	1	2
SAR406_Cluster_670	6	2	0	0	8	2	4	0	4	0	7	0	0	1	4	1	0	2	0	6	0	2	5	1	1	2	0	0	0	5	4	2	3	3	2
SAR406_Cluster_130	2	5	0	1	4	0	2	0	9	0	11	1	0	4	1	1	1	2	1	5	1	2	5	0	1	0	0	2	1	6	0	6	1	0	1
SAR406_Cluster_630	7	2	0	0	6	4	1	0	3	0	7	0	1	2	4	4	2	2	0	5	1	1	8	0	1	1	0	0	2	2	2	4	2	1	1
SAR406_Cluster_898	5	1	0	1	2	0	2	0	8	0	9	1	0	8	0	0	1	3	0	3	1	4	4	3	0	3	0	1	1	1	3	6	3	1	1
SAR406_Cluster_962	3	1	0	1	2	6	1	0	14	1	9	1	0	5	1	0	4	2	0	1	2	0	1	0	0	2	1	3	1	2	2	3	5	1	1
SAR406_Cluster_184	3	1	0	2	3	4	2	0	18	0	6	1	0	6	2	0	0	2	0	1	1	2	4	0	1	0	0	0	1	3	0	5	4	0	3
SAR406_Cluster_237	2	1	0	0	3	0	1	0	9	0	5	0	0	2	3	2	0	3	3	2	5	4	4	1	0	0	0	0	1	5	5	4	4	3	3
SAR406_Cluster_438	5	3	0	0	1	0	4	1	11	0	2	2	0	1	1	0	0	7	6	0	1	1	4	0	1	1	1	2	2	4	2	4	3	2	3
SAR406_Cluster_471	4	4	0	0	8	2	3	0	3	1	6	0	0	2	2	0	0	0	0	5	1	1	3	1	3	0	0	2	2	8	2	4	4	2	2
SAR406_Cluster_502	2	1	1	4	9	2	3	0	1	0	13	0	0	7	3	0	1	3	1	0	3	1	5	0	0	1	0	0	2	3	0	2	4	3	0
SAR406_Cluster_642	4	3	0	1	2	1	4	1	6	0	7	2	0	7	1	0	1	2	5	4	4	1	2	0	0	0	0	1	1	0	4	0	6	1	4
SAR406_Cluster_731	3	2	0	2	4	1	1	0	6	1	5	0	0	2	0	0	0	2	0	1	4	2	5	1	0	3	1	1	2	3	3	10	6	3	1
SAR406_Cluster_796	0	2	0	0	2	2	2	0	7	1	8	1	0	6	1	2	0	7	5	2	3	2	2	0	1	1	0	3	0	2	0	1	8	2	2
SAR406_Cluster_955	4	2	1	3	3	4	2	0	4	0	7	0	1	2	3	1	2	1	3	2	1	4	4	1	0	0	0	2	1	6	2	2	3	3	1
SAR406_Cluster_34	6	3	0	2	6	6	3	0	7	0	5	0	0	6	1	0	3	3	2	2	1	0	4	0	1	0	0	1	0	2	3	3	3	0	1
SAR406_Cluster_675	1	1	0	4	2	2	2	0	6	2	7	0	0	1	4	2	2	3	0	2	3	3	3	0	1	1	0	1	0	5	3	8	4	0	1
SAR406_Cluster_755	4	0	0	1	2	3	1	1	16	1	3	0	0	6	3	3	1	1	6	1	0	1	3	0	0	3	0	0	1	0	1	4	2	4	1
SAR406_Cluster_859	3	2	0	2	1	1	7	0	6	1	4	1	0	7	3	2	0	5	6	4	4	0	3	0	0	1	0	2	0	0	1	1	5	0	1
SAR406_Cluster_902	6	2	0	1	1	6	3	0	11	0	0	0	0	9	0	1	1	2	4	1	2	3	1	0	0	0	0	0	0	2	2	5	6	2	2
SAR406_Cluster_519	3	2	1	1	1	2	4	0	9	0	7	0	0	1	0	1	2	5	2	1	1	7	6	0	0	2	1	0	0	0	2	5	3	1	2
SAR406_Cluster_566	5	5	0	1	5	4	2	0	9	0	3	0	0	3	1	0	1	2	1	2	1	5	3	0	0	2	0	2	2	1	4	4	1	2	1
SAR406_Cluster_786	4	1	0	1	6	7	4	0	12	0	8	2	0	2	1	0	1	1	1	0	1	3	2	0	0	2	0	2	0	1	1	4	0	1	3
SAR406_Cluster_917	2	5	0	0	2	0	3	0	14	0	6	0	0	2	2	0	2	1	2	3	0	3	5	0	0	0	0	1	0	4	2	6	4	2	0
SAR406_Cluster_959	8	3	0	0	2	0	1	0	13	0	6	0	0	6	1	0	0	0	2	2	1	3	3	0	2	0	0	0	0	2	1	7	4	1	3
SAR406_Cluster_2041	5	0	1	1	3	3	2	0	4	0	1	0	0	3	1	0	0	3	1	2	1	4	4	2	2	1	2	1	4	2	3	3	6	4	2
SAR406_Cluster_178	7	1	0	0	3	5	2	0	9	1	7	0	0	3	1	0	2	2	1	1	3	0	1	0	0	1	0	2	0	2	2	1	10	2	1
SAR406_Cluster_300	8	3	0	1	3	1	2	0	8	0	10	0	0	1	2	2	0	0	0	2	0	2	2	0	0	2	0	4	0	4	2	5	4	2	0
SAR406_Cluster_573	1	1	1	1	1	1	4	1	12	0	3	0	1	4	0	1	4	2	1	2	3	4	5	0	2	0	1	2	1	3	1	0	4	1	1
SAR406_Cluster_655	1	2	1	0	1	5	5	0	9	0	6	1	1	2	0	0	0	1	3	0	1	1	7	0	1	0	0	1	1	0	0	7	5	1	6
SAR406_Cluster_332	3	1	0	0	1	3	3	0	7	0	1	0	0	7	2	0	0	5	3	2	2	1	2	1	2	0	0	2	3	1	1	1	8	1	5
SAR406_Cluster_402	4	2	0	1	2	1	1	0	4	1	4	1	0	3	4	2	2	4	4	5	1	2	2	3	1	0	0	3	2	1	1	5	2	0	0
SAR406_Cluster_1401	3	0	0	1	4	2	5	0	2	1	6	0	0	0	2	0	1	0	1	6	6	0	6	2	3	1	0	4	3	3	1	1	2	2	0
SAR406_Cluster_360	4	3	0	1	3	2	0	0	7	0	4	1	0	4	0	1	3	1	2	1	2	1	4	0	1	1	0	1	1	1	4	4	8	1	1
SAR406_Cluster_446	7	1	0	1	1	0	2	0	13	0	7	0	0	3	1	0	3	0	2	0	2	1	3	0	0	0	0	2	1	3	3	2	4	5	0
SAR406_Cluster_109	5	1	0	1	3	5	1	0	12	0	4	0	0	6	2	3	0	4	0	0	4	0	3	0	0	0	0	0	1	1	1	1	6	1	1
SAR406_Cluster_455	3	2	0	1	3	3	3	0	4	0	4	0	0	2	0	2	0	5	1	3	0	0	11	0	1	1	1	0	0	1	1	5	6	1	2
SAR406_Cluster_1031	5	1	0	1	1	3	0	0	5	0	6	0	0	3	0	0	0	1	3	1	4	1	4	0	2	2	1	3	2	1	3	7	4	0	2
SAR406_Cluster_18	2	0	0	0	3	2	5	0	6	0	6	0	0	3	1	3	1	3	1	5	1	3	4	0	0	0	0	0	0	1	0	5	2	4	4
SAR406_Cluster_63	4	1	0	1	2	0	3	0	6	0	4	1	0	3	2	1	0	1	1	4	2	3	5	1	1	3	0	2	0	2	1	7	3	0	1
SAR406_Cluster_981	6	1	0	2	2	1	2	0	4	0	3	0	0	3	2	0	1	4	1	5	0	2	3	0	1	1	1	1	0	1	3	8	4	1	2
SAR406_Cluster_164	6	0	1	0	3	2	5	0	15	0	5	1	0	9	0	0	0	3	1	1	1	2	0	0	0	1	0	0	0	0	1	2	4	0	1
SAR406_Cluster_290	2	2	0	3	2	0	3	0	4	0	8	0	0	1	2	1	3	0	4	3	2	1	1	2	0	2	0	0	0	2	3	4	5	3	1
SAR406_Cluster_352	9	1	0	2	4	0	2	1	8	0	2	0	0	1	3	0	0	3	2	1	2	1	4	0	0	0	0	2	0	1	3	5	4	0	3
SAR406_Cluster_523	5	3	0	2	2	2	0	0	2	0	9	0	0	2	2	0	1	2	0	1	6	2	5	0	0	0	0	1	0	1	1	7	2	0	6
SAR406_Cluster_794	2	3	0	0	3	1	2	0	10	1	6	0	0	5	2	2	2	2	2	2	0	1	1	0	0	0	0	2	1	0	4	3	2	3	2
SAR406_Cluster_41	7	1	0	1	3	1	1	1	5	0	2	0	0	3	0	1	1	1	3	2	2	2	2	0	0	0	0	4	0	2	2	3	8	1	4
SAR406_Cluster_147	1	2	0	0	1	1	1	0	7	1	7	0	0	3	4	1	3	5	5	0	2	1	1	0	0	3	0	0	0	1	1	6	4	2	0
SAR406_Cluster_840	4	1	1	0	2	0	5	0	7	0	13	0	0	2	4	1	3	2	0	0	1	4	1	0	1	0	0	0	1	0	4	2	2	2	0
SAR406_Cluster_279	6	3	0	0	5	1	1	0	6	2	5	0	0	0	1	0	0	3	0	1	0	6	6	0	1	1	0	1	0	7	0	2	1	2	1
SAR406_Cluster_601	6	2	0	0	2	1	0	0	4	0	8	1	0	1	5	0	1	4	2	2	1	2	4	0	0	0	1	0	2	3	3	3	2	2	0
SAR406_Cluster_76	4	3	0	1	2	2	2	0	11	0	3	1	0	5	0	0	1	2	3	2	0	1	3	1	0	2	0	2	1	0	0	3	5	1	0
SAR406_Cluster_163	4	2	0	0	8	3	3	0	3	0	4	1	0	5	4	1	0	3	1	1	2	2	2	0	0	1	0	0	0	1	1	2	4	1	2
SAR406_Cluster_412	6	0	0	2	1	2	2	0	17	0	4	0	0	1	0	2	2	0	1	7	1	1	3	0	0	0	0	2	0	1	1	0	1	3	1
SAR406_Cluster_761	2	0	0	1	0	2	3	0	10	0	3	0	0	4	2	1	1	0	1	1	1	2	5	1	1	0	0	2	1	6	2	2	1	2	4
SAR406_Cluster_818	4	0	0	1	1	1	5	0	7	0	4	0	0	1	0	0	2	3	1	3	1	3	6	0	1	0	1	4	1	2	1	5	3	0	0
SAR406_Cluster_860	0	4	0	1	2	2	2	0	6	1	4	1	0	4	0	0	2	1	5	1	4	2	1	1	0	0	0	0	0	4	3	4	6	0	0
SAR406_Cluster_880	2	2	0	5	2	1	2	0	4	0	1	0	0	1	0	2	2	4	3	3	2	3	3	0	0	1	0	1	2	4	2	3	3	2	1
SAR406_Cluster_2099	0	3	0	0	6	0	1	0	7	0	2	0	0	1	0	0	0	0	0	4	1	4	5	0	0	1	1	6	3	4	8	2	0	0	2
SAR406_Cluster_52	4	4	0	2	2	1	1	0	8	0	2	0	1	4	2	1	0	1	1	4	0	3	2	1	1	2	0	2	0	1	0	4	1	3	2
SAR406_Cluster_56	1	3	0	0	4	2	3	0	7	0	6	0	0	5	1	0	0	2	0	1	3	2	4	1	1	1	0	1	1	0	1	2	6	1	1
SAR406_Cluster_62	2	1	0	2	2	1	1	0	7	0	2	0	0	2	4	0	2	1	2	2	1	4	4	1	1	2	1	0	0	4	3	3	4	0	1
SAR406_Cluster_118	2	1	0	1	2	0	2	1	9	0	5	0	0	6	3	0	1	3	1	4	0	0	6	0	0	0	0	1	0	2	1	1	3	3	2
SAR406_Cluster_462	5	1	1	0	3	2	2	0	5	0	3	0	1	4	2	1	1	0	2	1	2	2	3	1	1	1	0	0	0	2	3	3	3	3	2
SAR406_Cluster_681	5	6	0	1	1	2	1	0	9	0	1	0	0	6	0	1	1	0	1	3	0	3	4	0	1	1	0	1	0	2	2	2	5	0	1
SAR406_Cluster_1042	6	3	0	0	1	1	1	0	6	0	7	0	0	2	1	0	1	1	3	5	0	5	1	4	1	1	1	1	2	2	1	2	0	0	1
SAR406_Cluster_189	3	1	0	0	5	2	3	0	10	1	3	1	0	0	0	0	0	0	2	3	1	1	5	0	0	0	0	2	1	0	6	1	4	3	1
SAR406_Cluster_606	2	2	0	1	0	3	1	0	4	0	4	0	0	1	0	1	0	2	2	0	1	1	3	0	0	1	0	1	0	3	3	6	9	2	6
SAR406_Cluster_741	4	1	1	1	2	3	3	0	6	0	6	1	0	4	0	0	1	3	3	0	0	1	0	0	0	0	1	0	0	1	5	5	2	1	4
SAR406_Cluster_893	3	2	0	2	2	3	5	0	6	0	5	0	0	4	1	0	0	2	3	1	0	2	0	0	0	2	0	0	0	2	7	3	2	0	2
SAR406_Cluster_1480	4	1	1	0	1	3	1	0	5	0	3	1	0	3	0	0	0	3	1	3	3	4	4	0	1	1	0	5	2	3	0	3	2	0	1
SAR406_Cluster_370	4	0	0	0	1	2	3	0	7	1	5	0	1	2	1	0	2	4	2	0	1	0	2	0	2	1	0	1	0	2	0	4	6	2	2
SAR406_Cluster_604	4	4	2	0	4	3	2	0	7	1	2	1	0	3	0	1	0	2	1	1	2	1	7	0	0	1	0	0	1	2	0	1	2	0	3
SAR406_Cluster_644	0	1	1	1	0	1	2	0	7	1	7	0	1	7	3	1	0	1	3	1	0	2	3	0	1	0	0	0	0	3	0	5	1	0	5
SAR406_Cluster_791	2	4	0	2	5	0	5	0	6	0	8	0	0	5	1	0	1	2	0	0	2	0	3	0	1	2	0	0	1	2	1	1	2	1	1
SAR406_Cluster_156	1	2	0	3	2	0	3	0	9	1	3	0	0	7	1	2	2	2	1	3	0	1	1	0	1	0	0	0	0	0	5	4	1	0	2
SAR406_Cluster_459	1	1	0	1	2	3	1	0	9	0	4	0	0	6	0	0	1	0	1	5	3	2	2	0	3	0	0	1	2	0	1	4	2	0	2
SAR406_Cluster_482	6	2	0	1	5	2	2	0	3	0	3	0	0	1	2	4	1	1	0	0	2	2	4	0	0	0	0	0	0	4	5	1	6	0	0
SAR406_Cluster_486	3	2	0	1	5	2	4	0	3	1	5	0	0	2	0	1	0	4	1	4	0	2	1	0	1	1	0	0	1	1	3	4	4	0	1
SAR406_Cluster_489	3	1	0	1	2	3	2	0	7	0	2	0	0	8	2	0	1	1	0	2	0	2	5	0	1	0	1	0	2	3	1	2	2	2	1
SAR406_Cluster_516	4	1	0	1	4	2	2	0	6	0	4	0	0	4	0	1	0	2	4	0	4	4	2	0	0	0	0	0	1	0	0	3	4	2	2
SAR406_Cluster_583	2	1	0	0	2	3	1	0	8	1	1	0	3	4	0	0	0	3	2	0	0	3	5	0	0	1	0	0	1	1	3	6	4	1	1
SAR406_Cluster_585	2	2	0	0	4	5	5	0	8	1	6	0	0	5	0	1	2	1	3	0	1	0	2	0	0	0	0	0	0	1	2	3	3	0	0
SAR406_Cluster_738	5	1	0	1	3	1	5	0	4	0	8	0	0	5	2	0	1	3	0	0	2	4	3	0	0	0	0	0	0	0	2	2	4	0	1
SAR406_Cluster_15	3	2	0	1	2	1	3	1	9	0	3	0	0	1	2	0	0	1	2	2	1	2	2	0	0	0	0	0	0	0	2	5	5	4	2
SAR406_Cluster_60	3	1	0	0	1	0	1	0	7	0	5	2	1	2	0	1	3	1	2	1	3	3	1	1	0	0	0	1	1	2	1	5	2	3	2
SAR406_Cluster_200	4	1	0	2	2	1	0	0	6	0	2	0	0	6	1	0	1	1	0	7	1	2	4	0	0	0	1	1	1	4	0	1	4	1	2
SAR406_Cluster_659	3	5	1	0	1	1	2	0	9	0	2	0	0	2	1	0	0	2	2	3	0	1	0	0	0	2	0	3	0	6	4	2	1	3	0
SAR406_Cluster_733	1	1	0	4	8	3	1	0	7	0	7	0	0	2	4	1	0	1	1	0	2	3	2	0	1	0	0	0	0	0	2	1	2	1	1
SAR406_Cluster_748	4	0	0	1	0	2	1	0	11	0	5	0	0	5	0	1	1	1	1	0	3	2	3	0	1	1	0	1	0	2	1	6	0	2	1
SAR406_Cluster_123	3	1	0	1	2	3	2	0	9	0	5	0	0	7	0	2	0	0	2	2	1	2	2	0	0	0	0	0	2	1	1	2	1	2	2
SAR406_Cluster_243	7	3	1	0	4	0	5	0	3	0	3	0	0	3	2	0	3	4	0	3	0	0	3	0	0	2	0	1	0	0	1	2	5	0	0
SAR406_Cluster_273	2	0	0	0	5	1	0	0	5	1	15	0	0	1	2	1	1	0	0	0	1	4	2	0	0	3	0	0	2	1	4	2	1	0	1
SAR406_Cluster_161	2	2	0	0	5	2	1	0	8	1	1	0	2	1	2	2	0	0	2	2	0	1	2	0	0	3	0	1	0	1	2	4	5	1	1
SAR406_Cluster_271	2	4	0	1	1	1	2	0	10	0	6	0	0	0	0	0	1	2	1	1	1	1	1	1	0	1	0	3	0	6	5	1	2	0	0
SAR406_Cluster_649	2	0	1	3	1	2	3	0	9	0	11	2	0	2	1	2	2	0	2	1	0	1	2	1	0	0	0	1	2	0	2	0	0	1	0
SAR406_Cluster_773	5	2	0	0	2	1	3	0	4	0	3	0	0	3	1	1	1	4	1	2	1	3	5	1	0	1	0	0	0	2	2	5	1	0	0
SAR406_Cluster_933	8	2	0	0	1	7	3	0	3	0	3	1	0	1	1	1	0	3	2	0	1	2	3	0	0	0	0	0	0	2	2	2	4	2	0
SAR406_Cluster_947	3	3	0	1	1	0	1	0	9	0	2	0	0	1	1	0	0	5	4	1	2	1	2	0	2	2	0	1	2	0	3	2	1	0	4
SAR406_Cluster_1065	0	2	0	2	1	1	4	1	4	0	5	0	0	0	0	0	0	1	1	3	1	4	3	0	1	0	0	3	0	6	1	1	1	4	4
SAR406_Cluster_106	2	1	0	0	2	3	1	0	5	0	1	0	0	6	2	0	2	2	2	2	0	2	3	0	1	1	0	1	1	0	3	2	4	3	1
SAR406_Cluster_224	3	2	0	3	2	1	4	0	7	0	3	1	0	2	1	2	2	1	1	1	1	2	5	1	1	0	0	0	0	1	0	1	2	1	2
SAR406_Cluster_756	7	0	0	1	2	5	1	0	5	0	1	1	0	4	2	3	1	3	2	1	0	0	1	0	0	0	0	1	1	2	1	1	3	3	1
SAR406_Cluster_87	2	0	0	2	2	3	1	0	5	1	4	0	0	1	1	1	0	3	2	2	1	1	4	0	1	3	1	1	0	0	0	7	3	0	0
SAR406_Cluster_230	2	2	0	0	2	1	0	1	2	0	4	0	0	8	2	0	0	2	2	0	1	4	2	0	1	0	0	1	0	3	1	1	5	1	4
SAR406_Cluster_235	2	1	0	3	1	0	2	0	7	0	9	0	0	0	2	0	1	1	0	0	1	1	5	0	0	0	2	0	1	1	1	6	3	1	1
SAR406_Cluster_557	1	2	0	0	4	5	0	0	9	0	6	0	0	4	1	0	1	0	2	0	2	1	1	0	0	0	0	0	0	2	2	2	5	1	1
SAR406_Cluster_916	4	0	0	1	4	2	1	0	9	0	3	0	0	5	1	1	0	1	0	0	1	0	3	0	0	1	1	0	0	2	1	4	4	3	0
SAR406_Cluster_1535	3	5	0	1	5	3	4	0	2	0	1	1	0	2	0	1	0	3	0	2	1	1	4	0	3	0	1	0	0	1	1	3	0	2	2
SAR406_Cluster_84	0	1	1	1	2	1	3	0	5	0	2	3	0	4	0	1	0	2	0	1	0	3	5	1	0	1	0	0	0	1	3	3	4	1	2
SAR406_Cluster_113	2	1	1	1	2	2	2	0	7	0	8	0	0	2	0	0	0	1	2	2	1	0	2	0	1	1	0	0	0	3	1	4	3	0	2
SAR406_Cluster_165	4	1	0	1	2	2	1	1	8	2	6	0	0	0	0	1	1	1	2	1	0	3	3	0	0	0	1	1	0	1	1	1	3	2	1
SAR406_Cluster_281	4	0	0	4	1	0	4	0	6	0	9	0	0	0	0	0	1	0	0	1	1	0	3	0	0	0	0	2	0	2	1	5	3	3	1
SAR406_Cluster_284	4	2	0	1	0	1	0	0	6	0	13	0	0	1	0	0	2	2	1	2	0	0	0	0	1	2	0	0	1	4	3	1	1	2	1
SAR406_Cluster_410	6	0	1	1	2	0	4	0	10	0	4	0	1	3	1	2	2	1	1	3	0	0	2	0	0	0	0	0	0	1	1	1	1	2	1
SAR406_Cluster_792	3	2	0	0	2	3	2	0	7	0	4	0	0	5	0	1	0	3	1	1	1	1	2	0	0	1	0	1	0	0	2	1	5	3	0
SAR406_Cluster_909	3	3	1	0	0	1	2	0	6	0	3	0	0	7	2	1	1	2	2	0	1	0	2	0	0	0	0	1	2	0	2	4	2	0	3
SAR406_Cluster_942	6	0	0	0	1	3	4	0	5	0	2	0	0	2	1	0	1	2	3	1	2	1	2	0	1	0	0	0	1	1	5	3	2	2	0
SAR406_Cluster_251	2	0	0	0	1	1	0	0	11	0	0	0	0	6	0	0	2	0	2	1	1	3	4	0	1	2	0	1	0	0	0	3	6	2	1
SAR406_Cluster_277	1	2	0	2	1	1	1	0	4	0	13	0	1	2	2	1	1	0	2	0	0	0	1	0	1	2	1	0	0	3	3	1	1	2	1
SAR406_Cluster_582	4	2	0	0	1	2	2	0	4	0	4	0	0	5	0	0	1	4	2	4	2	3	2	1	0	0	0	0	0	1	2	1	2	0	1
SAR406_Cluster_584	4	0	0	0	0	5	2	0	3	0	2	0	0	5	1	1	2	1	1	1	1	1	2	0	1	1	0	1	0	3	1	3	2	1	5
SAR406_Cluster_599	2	2	0	2	0	1	0	0	6	0	8	0	0	2	1	2	0	3	1	1	1	1	5	0	0	0	0	3	1	3	0	2	1	1	1
SAR406_Cluster_626	3	4	0	0	1	2	3	0	4	0	6	1	0	3	2	3	0	2	2	0	1	0	1	0	0	0	0	1	0	2	2	1	5	1	0
SAR406_Cluster_673	0	2	0	3	0	5	3	0	9	0	2	1	1	3	1	0	0	1	1	0	2	3	0	0	0	1	0	1	0	1	0	4	4	0	2
SAR406_Cluster_713	2	0	0	0	1	1	4	0	10	0	2	0	0	6	1	0	0	2	4	4	0	1	2	0	1	0	0	2	0	0	1	1	2	1	2
SAR406_Cluster_784	2	3	0	3	3	0	2	1	4	2	13	0	0	1	0	0	1	3	1	0	1	0	1	0	0	1	0	0	1	0	1	0	5	1	0
SAR406_Cluster_141	3	0	0	1	0	1	0	0	6	0	7	0	0	2	4	0	0	0	2	0	0	3	3	0	0	1	1	1	1	2	4	1	3	2	1
SAR406_Cluster_340	1	3	0	0	1	0	1	0	12	0	6	0	0	1	1	0	0	1	1	2	1	1	2	1	1	2	0	0	1	0	1	4	1	4	0
SAR406_Cluster_381	2	2	0	1	4	3	0	0	7	0	7	0	0	1	0	1	0	0	1	0	1	2	2	0	1	0	1	0	0	1	2	3	5	1	1
SAR406_Cluster_445	3	1	0	0	2	3	0	0	8	1	2	0	0	1	0	2	1	2	0	0	0	2	4	1	0	1	0	2	1	1	2	5	1	2	1
SAR406_Cluster_884	5	1	0	4	1	2	0	0	4	0	3	1	0	2	0	0	2	3	0	0	0	4	2	0	0	0	0	3	2	3	2	3	2	0	0
SAR406_Cluster_960	1	1	0	1	2	0	5	0	3	0	6	1	0	4	1	1	1	2	3	0	0	2	1	0	0	0	0	1	0	0	2	2	5	4	0
SAR406_Cluster_318	2	1	0	3	3	0	1	0	6	0	4	0	0	3	2	1	1	1	0	2	0	3	2	1	1	0	0	0	0	1	2	3	1	1	3
SAR406_Cluster_435	2	1	0	1	2	4	1	0	6	0	5	0	0	2	3	1	1	2	0	0	1	1	3	0	0	0	0	3	0	1	0	3	4	0	1
SAR406_Cluster_458	3	1	0	0	3	2	1	0	7	0	3	1	0	1	1	0	0	0	2	3	2	0	2	0	1	0	0	2	1	1	1	3	5	1	1
SAR406_Cluster_574	1	0	0	1	3	1	2	0	7	0	3	0	0	1	1	1	1	2	1	2	0	3	3	0	0	1	0	1	0	1	4	4	1	0	3
SAR406_Cluster_750	5	3	0	0	3	3	1	1	4	1	3	1	0	3	0	1	0	3	1	1	0	2	1	0	0	1	0	0	0	3	1	1	2	1	2
SAR406_Cluster_135	1	2	0	0	0	1	1	0	5	0	5	0	1	0	0	0	0	1	3	2	4	1	3	0	0	0	0	1	1	4	1	1	5	1	3
SAR406_Cluster_259	1	0	0	0	1	4	3	0	9	0	5	2	0	5	2	0	1	2	3	0	0	0	2	0	0	0	0	1	0	0	0	3	1	1	1
SAR406_Cluster_310	4	4	0	2	0	2	3	0	1	1	4	0	1	1	2	0	0	2	0	0	0	0	2	2	0	1	0	2	0	2	1	1	6	3	0
SAR406_Cluster_473	4	1	0	1	0	1	1	0	6	1	4	0	0	2	1	1	0	4	1	0	3	1	0	0	1	0	0	2	2	1	0	7	2	0	0
SAR406_Cluster_483	4	1	0	1	2	1	3	0	4	0	8	1	1	0	0	0	1	0	0	0	1	1	4	1	1	2	1	1	3	0	2	1	1	0	1
SAR406_Cluster_789	2	1	0	0	1	2	8	0	6	0	2	1	0	0	1	2	1	2	1	2	2	0	0	0	1	1	0	1	1	1	1	1	2	1	3
SAR406_Cluster_879	4	0	0	1	1	4	0	0	9	0	1	0	1	5	1	0	1	1	2	1	0	3	1	0	1	0	0	1	1	1	1	3	1	1	1
SAR406_Cluster_1522	3	1	0	3	0	2	5	0	2	0	0	0	0	3	1	0	1	1	0	5	0	2	1	1	0	2	1	1	1	3	2	4	0	2	0
SAR406_Cluster_329	3	1	0	1	1	3	1	0	7	1	3	0	0	1	2	0	0	1	0	2	0	1	2	0	0	0	0	0	2	1	0	4	6	1	2
SAR406_Cluster_543	2	0	0	0	3	1	4	1	8	1	3	0	0	4	0	1	1	0	1	1	2	2	3	0	0	0	0	1	0	0	0	3	3	1	0
SAR406_Cluster_614	2	2	0	0	3	0	3	0	8	0	5	0	0	2	0	0	0	4	0	1	1	3	1	0	0	0	0	1	1	2	0	1	2	1	3
SAR406_Cluster_711	1	0	0	1	3	3	2	0	9	0	3	0	0	5	0	0	2	1	1	0	0	1	2	0	0	0	0	1	0	0	2	5	3	1	0
SAR406_Cluster_747	3	0	0	1	1	3	0	0	6	0	4	2	0	5	0	0	0	0	2	1	0	3	2	1	0	0	0	0	1	1	2	5	1	1	1
SAR406_Cluster_1786	3	3	0	0	0	0	0	0	4	1	2	0	0	2	1	0	2	1	0	5	1	0	2	0	1	2	0	1	0	2	1	3	3	6	0
SAR406_Cluster_203	0	2	0	1	0	1	3	0	3	0	6	2	1	2	1	0	1	0	3	1	0	0	1	0	0	1	0	3	1	3	2	1	1	5	0
SAR406_Cluster_451	1	0	0	0	1	2	2	0	12	0	3	1	0	3	0	0	0	0	1	1	1	0	0	0	0	2	0	0	0	5	3	1	2	2	2
SAR406_Cluster_545	7	0	0	0	2	1	1	0	6	1	3	1	0	1	0	0	0	3	0	1	2	1	4	0	0	0	0	2	2	2	1	1	2	1	0
SAR406_Cluster_552	5	1	0	3	3	1	0	1	7	0	3	1	0	4	0	1	0	1	1	2	0	2	0	0	0	0	0	1	0	1	1	2	3	1	0
SAR406_Cluster_953	2	3	0	1	3	2	3	0	4	0	3	0	0	1	0	3	1	1	0	1	1	4	4	0	1	0	0	0	0	2	1	2	1	0	1
SAR406_Cluster_970	4	2	0	0	1	1	2	0	5	0	1	2	0	4	1	1	1	2	2	0	3	1	1	0	0	0	0	0	1	0	5	1	3	0	1
SAR406_Cluster_996	2	0	0	1	1	0	1	0	3	0	3	0	0	8	1	0	1	3	0	4	1	1	2	0	1	2	0	0	0	2	3	1	2	1	1
SAR406_Cluster_2008	2	6	0	0	2	0	1	0	6	0	1	0	0	1	0	0	1	0	0	3	1	1	1	1	0	3	2	2	4	4	0	0	1	1	1
SAR406_Cluster_2042	1	0	0	2	2	0	1	0	5	0	4	0	0	1	1	0	0	1	1	3	1	3	0	0	2	1	2	0	2	4	2	2	2	1	1
SAR406_Cluster_181	2	1	0	1	0	0	0	0	10	0	5	0	0	1	1	1	1	3	1	1	2	2	0	1	0	0	0	2	2	1	1	4	0	1	0
SAR406_Cluster_431	2	4	0	1	3	1	1	0	6	1	2	1	1	2	0	1	0	0	1	2	0	2	1	0	0	1	0	0	1	1	1	4	2	1	1
SAR406_Cluster_530	0	2	0	1	3	2	2	0	3	1	3	0	0	2	2	0	1	0	1	2	4	2	4	0	0	0	0	2	0	1	0	1	3	0	2
SAR406_Cluster_1196	2	1	0	0	1	2	2	0	10	0	2	0	0	2	1	0	0	2	4	0	2	1	3	0	0	0	0	1	0	0	1	0	5	0	2
SAR406_Cluster_91	2	0	0	0	0	3	0	0	10	0	7	0	0	1	0	0	2	0	0	2	1	2	1	0	0	0	0	0	1	0	0	2	5	2	2
SAR406_Cluster_103	4	0	0	1	0	5	3	0	4	0	3	0	0	3	0	0	0	2	2	0	0	2	3	0	0	0	0	0	0	0	1	3	4	1	2
SAR406_Cluster_308	3	2	0	0	1	2	2	0	6	0	3	0	0	3	0	0	0	4	1	4	1	0	1	0	0	1	0	0	0	0	0	2	4	0	3
SAR406_Cluster_800	1	1	0	0	0	1	1	0	5	0	5	2	0	3	3	0	3	1	1	1	1	1	0	0	1	2	0	1	0	2	1	3	2	0	1
SAR406_Cluster_1221	7	3	0	0	1	1	2	0	3	1	5	1	0	5	1	0	1	1	2	0	1	2	0	0	0	0	0	0	0	2	0	3	1	0	0
SAR406_Cluster_1609	5	1	0	1	0	2	0	0	3	0	5	0	0	1	0	0	1	1	0	2	0	3	2	1	1	1	0	5	1	2	1	2	2	0	0
SAR406_Cluster_61	1	0	0	0	2	0	2	2	4	0	5	0	1	3	0	0	2	1	1	1	0	1	0	0	0	2	0	0	1	3	1	4	2	3	0
SAR406_Cluster_67	2	0	1	0	1	1	1	0	3	1	4	0	0	1	0	0	0	2	3	2	1	2	3	0	0	1	1	0	0	1	1	4	4	0	2
SAR406_Cluster_101	3	0	0	1	0	1	0	0	9	0	1	0	0	2	2	0	0	1	0	3	0	0	1	0	1	1	0	1	1	1	0	2	6	3	2
SAR406_Cluster_253	2	1	0	0	3	1	1	1	5	0	2	0	0	1	1	0	1	3	2	3	0	1	3	0	0	0	0	0	2	0	2	1	4	2	0
SAR406_Cluster_342	4	3	0	1	1	0	4	0	6	0	5	0	0	2	0	0	0	0	2	1	1	3	1	1	0	0	0	1	0	2	0	1	2	1	0
SAR406_Cluster_595	0	3	0	0	1	0	1	0	3	0	3	0	3	0	0	0	3	6	2	0	0	1	0	0	0	0	0	0	0	3	1	7	2	2	1
SAR406_Cluster_602	2	2	1	0	4	1	2	0	4	0	3	1	1	1	1	4	0	1	0	0	1	1	2	0	1	1	0	1	0	2	0	4	1	0	0
SAR406_Cluster_250	4	2	0	0	1	2	3	0	9	0	1	0	2	2	0	1	0	1	0	1	0	1	2	0	0	0	0	0	0	0	0	1	5	0	3
SAR406_Cluster_328	1	0	0	0	1	6	1	0	8	0	5	0	0	2	2	0	1	0	0	2	0	0	4	0	0	1	0	1	0	2	2	0	2	0	0
SAR406_Cluster_555	2	1	0	0	3	1	0	0	3	0	2	0	0	3	0	0	0	2	4	3	1	0	2	0	0	2	0	0	0	0	2	1	5	3	1
SAR406_Cluster_635	2	1	1	0	1	1	1	0	2	0	4	1	0	3	2	0	0	3	4	1	0	0	3	0	1	0	0	2	1	0	1	0	2	4	0
SAR406_Cluster_787	2	2	0	0	1	0	3	0	10	0	3	2	0	4	1	0	2	0	2	1	1	0	1	0	0	0	0	0	0	1	1	2	2	0	0
SAR406_Cluster_1037	0	1	0	0	0	0	3	0	5	0	1	0	0	2	0	0	1	2	0	4	5	3	2	0	1	1	0	2	1	0	0	2	2	1	2
SAR406_Cluster_43	4	0	0	0	1	2	1	0	4	0	2	0	1	1	0	1	1	1	0	1	0	1	2	0	0	0	0	1	1	0	3	6	4	0	2
SAR406_Cluster_142	1	0	0	1	4	1	2	0	2	0	2	0	0	2	0	1	2	1	4	1	1	0	2	0	0	2	0	1	1	1	0	4	1	1	2
SAR406_Cluster_169	2	1	0	1	1	0	1	0	7	0	3	1	0	3	1	0	1	2	1	0	0	0	5	1	0	0	1	0	0	2	0	2	3	1	0
SAR406_Cluster_240	3	1	0	1	0	4	0	0	7	0	3	0	0	3	0	0	0	4	1	0	1	2	2	0	0	0	0	0	0	2	2	2	2	0	0
SAR406_Cluster_324	3	1	0	0	2	2	1	0	4	0	4	0	0	2	1	0	0	1	2	0	2	2	0	0	1	1	0	1	1	2	2	2	2	1	0
SAR406_Cluster_337	1	0	1	1	0	2	0	0	6	0	2	1	0	3	0	1	1	1	3	0	1	3	1	0	0	0	0	0	1	3	0	1	2	4	1
SAR406_Cluster_492	0	2	0	1	2	3	0	0	5	1	2	0	0	5	1	0	1	1	0	1	1	3	3	0	0	0	0	1	0	0	0	1	3	1	2
SAR406_Cluster_1534	1	6	0	1	1	0	1	0	4	0	4	0	0	0	1	0	0	1	1	0	3	3	2	1	1	0	0	1	1	2	1	3	1	0	0
SAR406_Cluster_261	2	0	0	1	1	2	2	0	7	0	4	0	1	1	1	0	0	2	2	2	1	0	1	0	0	0	0	0	0	1	1	2	2	1	2
SAR406_Cluster_303	1	1	1	0	1	1	2	0	6	0	3	1	0	5	1	0	1	1	2	1	1	1	2	0	1	0	0	0	0	0	1	1	3	1	0
SAR406_Cluster_331	4	0	0	1	1	1	1	0	4	0	3	0	0	1	1	0	0	2	0	2	1	2	2	1	2	0	0	0	1	0	2	1	5	1	0
SAR406_Cluster_550	2	1	0	2	2	2	1	0	7	0	2	0	0	0	2	0	1	2	2	2	1	1	0	0	0	1	0	0	0	0	1	3	2	1	1
SAR406_Cluster_580	1	2	0	0	1	1	3	0	3	0	5	0	0	5	0	0	0	2	1	2	1	2	1	0	0	0	0	3	0	1	1	0	2	2	0
SAR406_Cluster_758	3	1	0	0	1	2	1	0	7	0	0	0	0	1	0	0	0	1	2	2	1	1	4	1	1	1	0	0	2	0	2	0	3	1	1
SAR406_Cluster_841	2	2	0	2	2	1	2	0	8	0	5	0	0	1	2	1	0	0	1	0	0	1	1	0	0	0	0	0	0	1	2	0	3	1	1
SAR406_Cluster_922	1	0	0	2	1	0	2	0	1	0	6	0	1	2	1	1	0	3	0	2	0	4	2	0	0	0	0	0	1	1	2	2	1	3	0
SAR406_Cluster_1026	2	0	0	1	1	2	0	0	6	0	1	0	0	5	0	0	0	0	0	1	0	0	2	2	1	0	0	5	4	0	1	3	1	0	1
SAR406_Cluster_2254	3	2	0	0	0	2	3	0	5	0	0	0	0	1	2	0	0	0	0	1	4	3	0	1	0	0	0	2	0	2	2	2	0	1	3
SAR406_Cluster_12	1	2	0	0	1	1	3	0	7	0	4	0	0	3	1	0	1	2	2	1	0	0	0	0	1	1	0	0	0	2	1	0	3	0	1
SAR406_Cluster_256	2	1	0	1	0	2	2	0	1	0	2	0	0	0	1	1	2	1	1	1	1	1	3	1	0	2	0	0	1	3	1	1	2	0	4
SAR406_Cluster_425	2	0	0	0	0	1	1	0	6	0	4	0	0	4	1	1	0	1	2	1	1	1	2	0	1	0	0	2	0	1	0	2	1	1	2
SAR406_Cluster_476	2	0	0	0	2	1	2	0	3	0	2	1	0	1	2	3	2	1	0	1	1	0	0	1	0	0	0	0	0	1	3	6	1	0	2
SAR406_Cluster_499	2	0	0	0	2	0	3	0	2	0	6	0	0	2	1	0	1	3	1	0	2	0	0	0	0	1	1	1	0	0	2	5	1	0	2
SAR406_Cluster_535	0	1	0	2	1	1	2	0	5	0	2	0	1	4	1	0	0	0	0	1	1	2	3	0	1	0	0	0	0	2	3	1	3	0	1
SAR406_Cluster_569	1	1	0	1	2	1	0	0	3	0	4	0	0	5	0	0	0	0	0	0	0	1	3	0	0	1	0	1	0	3	2	4	3	1	1
SAR406_Cluster_572	2	0	0	0	0	1	0	0	1	0	3	0	1	3	1	0	0	1	0	1	2	3	2	2	1	1	0	0	1	1	5	2	1	3	0
SAR406_Cluster_628	1	1	0	1	2	1	4	0	8	0	0	1	0	4	0	1	2	0	2	0	0	1	0	0	0	0	0	0	0	0	0	4	4	1	0
SAR406_Cluster_661	2	0	0	1	2	2	1	0	2	0	2	0	0	2	1	1	1	2	0	5	0	2	1	0	1	1	0	0	0	0	0	1	3	1	4
SAR406_Cluster_695	1	0	0	1	3	1	2	0	5	0	4	1	1	1	2	0	1	1	1	1	2	1	1	0	0	0	0	0	1	0	0	3	2	1	1
SAR406_Cluster_739	3	1	0	3	0	2	0	0	9	0	1	1	0	1	2	0	0	0	3	0	1	1	0	0	0	1	0	0	1	2	1	1	1	3	0
SAR406_Cluster_842	2	0	0	1	2	0	3	0	4	0	3	3	0	1	0	0	0	3	0	0	3	2	1	0	0	1	0	1	1	1	2	2	1	0	1
SAR406_Cluster_945	1	0	0	1	3	1	6	0	3	0	4	1	0	4	0	0	0	1	2	0	0	2	0	0	0	0	0	0	0	0	2	0	4	3	0
SAR406_Cluster_1038	2	0	0	0	1	2	0	0	2	0	4	0	0	0	3	0	0	0	0	1	3	0	4	1	0	0	0	2	0	1	1	4	3	2	2
SAR406_Cluster_1043	3	1	0	1	3	0	0	0	3	0	1	0	0	1	0	0	0	2	0	2	3	2	1	3	1	0	2	2	0	1	3	0	2	1	0
SAR406_Cluster_1110	1	1	0	1	0	5	4	0	5	0	2	1	0	0	1	0	0	0	2	0	2	1	0	0	0	1	0	1	3	1	1	3	1	1	0
SAR406_Cluster_1784	2	0	0	0	2	2	1	0	4	0	2	0	0	1	0	1	0	0	0	2	0	2	4	2	2	1	0	3	1	2	2	0	1	1	0
SAR406_Cluster_188	4	0	0	1	1	1	4	1	4	0	3	0	0	3	0	2	0	2	1	0	0	0	3	0	0	2	0	1	1	0	0	1	0	2	0
SAR406_Cluster_225	2	1	0	3	1	2	0	0	7	0	4	0	0	1	5	0	0	2	2	0	0	0	2	0	1	0	0	0	0	1	0	0	2	0	1
SAR406_Cluster_231	4	0	0	0	1	2	1	1	2	0	3	0	0	4	1	0	1	5	1	0	0	2	3	0	1	0	0	0	0	0	1	1	0	2	1
SAR406_Cluster_244	2	0	0	0	1	0	0	0	9	0	4	0	0	1	0	0	1	0	4	0	0	1	6	0	1	0	0	0	0	1	0	2	3	1	0
SAR406_Cluster_504	0	1	0	0	2	1	5	0	8	0	0	0	0	1	0	1	1	0	1	1	2	0	1	0	0	0	1	0	2	3	0	1	3	0	2
SAR406_Cluster_542	1	1	0	2	1	1	1	1	4	0	1	1	1	0	2	1	1	1	1	2	2	0	3	0	1	0	0	0	0	0	2	2	3	0	1
SAR406_Cluster_722	3	0	0	0	1	1	4	0	4	0	2	0	1	3	1	0	1	0	0	2	0	0	3	1	1	0	0	0	0	1	1	2	3	0	2
SAR406_Cluster_728	1	0	0	3	2	2	1	0	4	0	3	0	0	1	1	0	0	1	1	2	0	1	2	0	1	0	0	1	0	1	3	1	2	0	3
SAR406_Cluster_964	0	1	0	2	2	1	1	1	4	0	0	0	0	4	0	1	0	1	1	0	1	0	0	0	0	0	0	1	1	2	2	4	6	0	1
SAR406_Cluster_1099	4	1	0	2	1	2	2	0	7	0	1	0	1	1	0	0	0	2	3	0	1	2	0	0	0	1	0	0	0	0	0	1	3	2	0
SAR406_Cluster_1714	1	2	0	0	1	0	1	0	3	0	1	0	0	2	0	0	2	1	0	1	1	1	5	2	1	3	0	3	1	0	1	3	0	1	0
SAR406_Cluster_9	1	3	0	1	0	2	3	1	5	0	1	2	0	1	1	1	0	1	1	0	0	1	2	0	1	1	0	0	1	2	0	0	2	1	1
SAR406_Cluster_114	2	1	0	0	0	1	0	0	5	0	7	0	0	4	1	0	1	1	1	1	0	0	3	0	0	2	0	0	0	0	2	2	1	1	0
SAR406_Cluster_157	3	0	0	0	0	1	4	0	6	0	6	0	0	3	1	1	0	1	3	0	0	1	1	0	0	0	0	0	0	0	1	4	0	0	0
SAR406_Cluster_221	0	2	0	0	1	0	2	0	5	0	4	0	0	4	0	0	0	3	1	0	0	0	3	0	0	1	0	0	0	2	1	1	3	0	3
SAR406_Cluster_257	1	0	0	0	2	2	0	0	8	0	1	0	0	3	1	0	0	1	2	0	0	2	4	0	0	0	0	1	0	0	1	1	4	0	2
SAR406_Cluster_320	1	1	0	0	2	2	1	0	6	0	4	0	0	3	0	0	0	0	2	2	0	1	3	0	0	0	0	0	0	1	1	2	0	3	1
SAR406_Cluster_413	2	0	0	0	0	2	5	0	2	2	1	0	0	1	1	0	0	0	3	1	1	0	2	0	0	0	0	0	1	2	2	5	2	1	0
SAR406_Cluster_485	1	1	1	0	4	2	3	0	8	0	1	1	0	3	0	0	1	2	1	0	0	0	2	0	0	1	0	0	1	2	0	0	1	0	0
SAR406_Cluster_593	4	0	1	2	0	1	4	0	3	0	0	1	0	4	0	0	0	0	0	2	0	0	2	0	1	0	0	0	0	2	1	2	3	1	2
SAR406_Cluster_744	4	0	0	0	0	0	3	0	6	0	0	1	0	4	0	2	0	1	0	0	0	2	3	0	1	0	0	3	1	1	2	1	0	0	1
SAR406_Cluster_972	1	1	2	0	1	2	4	0	3	0	4	0	0	4	0	0	0	1	2	0	2	0	0	0	0	0	0	1	0	0	0	2	5	1	0
SAR406_Cluster_1241	4	1	0	0	0	2	0	0	3	0	0	0	1	3	2	0	2	2	3	1	2	1	1	0	0	1	0	1	0	1	2	0	1	1	1
SAR406_Cluster_1987	1	0	0	0	0	0	3	0	3	0	0	0	0	2	4	0	1	2	1	5	0	2	0	0	0	1	0	1	0	3	6	0	0	0	1
SAR406_Cluster_99	3	1	0	1	2	2	0	0	8	0	2	0	0	1	1	0	1	2	1	0	0	0	4	0	1	0	0	1	0	0	1	0	1	0	2
SAR406_Cluster_377	0	1	0	0	0	1	1	0	7	1	3	0	0	1	1	3	1	2	0	1	0	1	3	0	0	1	0	0	0	1	1	0	4	1	0
SAR406_Cluster_436	2	0	0	2	1	1	1	0	2	0	6	1	0	0	2	1	2	2	0	3	2	0	1	0	0	0	1	0	1	0	1	1	1	0	1
SAR406_Cluster_625	3	1	0	0	0	2	3	0	5	0	4	0	0	2	1	1	0	4	1	0	0	0	1	0	0	1	0	0	0	0	1	1	1	1	2
SAR406_Cluster_788	2	2	0	0	0	1	0	0	8	0	1	0	0	4	1	0	0	2	2	0	1	0	1	0	1	0	0	1	0	2	1	0	3	1	1
SAR406_Cluster_995	3	1	0	1	0	2	0	0	6	0	2	0	0	3	0	2	0	1	3	1	3	2	1	0	0	0	0	2	0	0	0	1	1	0	0
SAR406_Cluster_1055	3	1	0	0	0	0	0	0	3	0	0	1	0	2	3	0	0	1	1	1	1	2	0	0	0	1	0	3	0	2	2	2	1	3	2
SAR406_Cluster_1060	1	1	0	1	2	1	4	0	5	0	1	0	0	2	0	0	0	1	1	3	1	2	3	1	0	1	0	0	0	2	0	1	0	0	1
SAR406_Cluster_42	4	0	0	0	1	2	1	0	5	0	2	0	1	2	1	0	0	1	0	0	3	2	0	0	0	0	0	0	2	1	0	3	1	1	1
SAR406_Cluster_382	2	2	0	0	1	1	3	0	7	0	2	0	1	1	0	0	2	1	1	4	0	0	0	0	0	0	0	2	1	0	0	2	1	0	0
SAR406_Cluster_469	2	0	0	0	2	1	1	0	6	0	3	0	0	3	1	0	0	2	2	0	1	2	1	0	0	1	0	0	1	0	1	1	1	0	2
SAR406_Cluster_495	4	0	0	1	2	0	2	0	4	0	4	3	0	1	0	0	0	0	1	0	0	1	3	1	0	1	0	1	0	0	1	3	0	0	1
SAR406_Cluster_526	4	2	0	0	1	0	4	0	2	0	6	1	0	0	0	1	0	0	0	1	0	1	5	0	0	0	0	0	0	2	1	2	0	1	0
SAR406_Cluster_538	5	3	0	0	1	2	2	0	3	0	4	0	0	1	1	0	2	0	1	1	1	0	0	0	1	1	0	0	0	1	0	2	2	0	0
SAR406_Cluster_621	7	0	0	1	3	0	1	0	3	1	1	0	0	0	0	0	2	2	0	1	0	1	1	0	1	0	0	0	1	3	2	1	2	0	0
SAR406_Cluster_667	3	0	0	1	1	0	3	0	8	0	4	1	0	0	0	0	2	2	1	1	0	0	2	0	0	0	0	2	0	0	1	0	2	0	0
SAR406_Cluster_735	1	1	0	1	0	1	2	0	5	0	3	0	0	1	3	3	1	1	3	0	0	1	1	1	0	1	0	0	0	1	2	0	1	0	0
SAR406_Cluster_908	0	0	0	0	1	3	0	0	3	0	1	0	0	2	1	0	0	1	0	2	0	2	2	0	0	0	0	0	1	3	4	4	2	1	1
SAR406_Cluster_1822	5	3	0	0	0	2	2	0	1	0	1	0	1	3	0	0	0	0	0	2	3	0	0	0	2	2	0	0	4	0	0	1	1	1	0
SAR406_Cluster_1877	0	0	0	2	0	1	0	0	4	0	1	0	0	1	1	1	0	0	0	2	1	0	5	2	1	2	0	3	2	0	2	0	1	0	2
SAR406_Cluster_11	1	1	0	0	0	0	3	0	7	0	6	0	0	2	0	0	1	6	0	0	0	2	1	0	0	0	0	0	0	1	1	1	0	0	0
SAR406_Cluster_86	1	0	0	0	1	1	4	0	13	0	0	0	0	1	2	1	0	0	0	0	1	0	2	0	0	0	0	0	0	1	0	1	1	2	1
SAR406_Cluster_145	3	1	0	0	0	1	0	0	5	1	2	1	0	3	0	1	2	1	0	1	1	0	1	0	0	2	0	0	0	0	0	1	4	1	1
SAR406_Cluster_158	1	1	0	1	2	1	0	0	5	0	3	0	0	2	0	0	0	1	1	0	3	0	2	1	0	1	1	1	1	0	1	0	2	0	2
SAR406_Cluster_226	1	1	0	0	0	0	0	0	5	0	4	0	0	4	2	1	2	2	0	0	1	1	0	1	0	0	0	0	0	1	2	2	2	0	1
SAR406_Cluster_321	2	2	0	0	1	2	0	0	2	0	0	0	1	0	1	0	1	1	2	3	2	1	0	1	0	1	1	0	0	0	0	4	4	0	1
SAR406_Cluster_384	1	0	0	2	2	0	3	0	0	0	0	0	0	0	4	0	0	0	1	1	0	2	4	1	0	0	0	1	0	2	1	4	1	1	2
SAR406_Cluster_396	2	2	0	1	0	4	2	0	4	0	1	1	0	1	0	1	1	0	2	1	0	3	2	0	0	0	0	0	0	0	0	1	2	2	0
SAR406_Cluster_478	2	4	1	0	2	0	2	1	2	0	3	0	1	1	0	0	2	1	0	0	0	1	2	0	0	0	0	1	0	0	1	1	3	1	1
SAR406_Cluster_707	2	0	0	1	1	4	2	0	4	0	2	0	0	1	0	0	0	2	2	0	0	0	0	0	0	0	0	0	0	0	1	5	3	2	1
SAR406_Cluster_751	1	0	0	0	0	3	0	0	3	0	5	0	0	3	3	0	3	1	0	0	1	2	1	1	0	0	0	0	1	0	0	1	3	1	0
SAR406_Cluster_854	2	3	0	2	4	0	1	0	0	0	1	1	0	0	1	0	0	0	1	1	1	1	1	1	2	1	0	0	0	2	3	1	3	0	0
SAR406_Cluster_958	3	1	0	1	0	0	0	0	5	0	6	1	0	2	0	0	1	1	0	1	0	4	1	0	0	2	0	0	0	0	1	0	3	0	0
SAR406_Cluster_1520	4	1	0	0	2	0	1	0	5	0	0	0	0	0	0	0	0	0	0	2	1	4	0	0	1	0	0	4	2	1	2	1	1	1	0
SAR406_Cluster_8	2	0	0	1	0	0	1	0	8	0	3	0	0	2	0	1	0	2	3	0	0	1	0	0	0	1	1	0	1	1	2	0	2	0	0
SAR406_Cluster_347	0	1	0	0	1	1	1	0	4	1	6	0	0	3	0	0	0	1	0	2	1	2	1	0	0	0	1	3	0	0	0	1	2	0	0
SAR406_Cluster_674	2	2	1	0	3	0	1	0	5	2	1	0	0	1	0	0	1	1	0	0	1	1	2	0	2	0	0	3	0	0	0	1	2	0	0
SAR406_Cluster_689	0	0	0	1	1	1	0	0	4	0	4	0	0	5	0	1	0	0	0	1	0	1	3	0	1	0	0	0	0	0	1	3	4	0	1
SAR406_Cluster_717	3	3	0	0	0	1	1	0	2	0	3	0	0	0	2	0	3	4	0	1	0	1	0	0	0	0	0	0	0	2	1	1	2	1	1
SAR406_Cluster_795	4	0	0	0	1	1	0	0	1	2	3	1	0	1	2	0	1	1	2	1	0	1	2	0	0	1	0	1	0	1	0	1	1	1	2
SAR406_Cluster_976	3	0	0	0	3	0	0	0	2	0	2	0	0	4	0	0	1	3	0	0	0	2	2	0	0	0	0	2	1	1	0	2	1	1	2
SAR406_Cluster_986	1	2	0	2	0	1	0	0	2	0	1	0	0	0	0	0	1	1	1	0	0	0	3	0	0	0	0	1	0	3	2	5	3	2	1
SAR406_Cluster_111	1	0	0	1	1	2	0	0	1	0	7	0	0	1	0	0	2	0	2	0	3	1	1	0	1	0	0	0	0	1	2	0	2	0	2
SAR406_Cluster_151	1	1	1	0	0	2	1	0	5	0	6	0	0	1	2	0	0	0	1	3	0	1	0	0	0	0	0	0	1	1	0	0	2	2	0
SAR406_Cluster_339	1	0	1	0	1	1	0	0	4	0	1	1	0	1	2	0	0	3	0	0	0	0	1	0	0	0	2	0	0	2	2	3	2	0	3
SAR406_Cluster_366	2	1	0	0	1	1	1	0	4	0	2	0	0	2	2	0	0	0	1	3	2	0	0	0	0	0	0	3	0	1	1	3	0	0	1
SAR406_Cluster_577	2	0	0	0	0	1	0	0	1	0	4	0	0	1	1	0	0	0	2	1	0	2	2	0	0	0	0	2	1	2	0	3	1	1	4
SAR406_Cluster_662	3	0	0	0	1	1	0	0	6	0	1	1	0	2	0	1	0	3	1	2	1	0	3	1	0	0	0	0	0	0	3	0	1	0	0
SAR406_Cluster_734	1	1	0	1	0	3	0	0	3	0	1	0	0	1	1	1	1	3	3	0	0	0	0	0	2	0	0	1	0	1	2	2	1	0	2
SAR406_Cluster_901	2	0	0	1	0	0	1	0	2	0	5	0	0	3	0	2	0	2	0	1	1	1	1	0	0	0	0	0	1	1	0	3	0	2	2
SAR406_Cluster_967	2	0	1	0	1	0	1	0	7	0	2	0	1	1	0	0	0	2	0	1	2	4	1	1	0	0	0	0	0	2	0	0	2	0	0
SAR406_Cluster_1007	1	3	0	2	1	1	0	0	1	0	2	0	0	1	0	0	0	2	0	2	1	2	2	1	1	0	0	0	2	0	2	2	0	1	1
SAR406_Cluster_1565	2	3	0	1	2	3	1	0	4	0	0	1	0	1	2	1	0	1	0	1	0	2	2	0	0	1	0	0	1	1	1	0	0	0	0
SAR406_Cluster_1699	1	0	0	0	2	1	1	0	2	0	3	0	0	3	2	0	0	1	0	1	4	3	1	0	1	0	0	1	1	1	0	2	0	0	0
SAR406_Cluster_2035	1	0	0	1	3	0	1	0	5	0	0	0	0	2	0	0	1	0	1	1	2	2	3	0	0	0	0	1	0	1	1	1	2	2	0
SAR406_Cluster_79	2	2	0	0	0	3	3	0	4	1	0	0	0	1	1	0	0	1	4	0	0	1	0	0	0	0	0	3	0	0	1	0	2	1	0
SAR406_Cluster_90	1	1	0	0	2	2	1	0	4	0	2	0	0	2	1	0	0	1	0	0	2	0	0	0	0	2	0	1	0	3	0	0	4	1	0
SAR406_Cluster_92	2	2	0	1	0	1	1	0	1	0	3	1	1	1	0	0	1	0	0	2	2	1	1	0	0	0	0	0	0	1	0	2	2	2	2
SAR406_Cluster_335	0	2	0	1	1	2	1	0	1	0	2	0	0	2	0	0	2	0	1	0	0	3	1	0	0	1	0	1	0	4	1	1	2	0	1
SAR406_Cluster_422	1	0	0	0	2	0	0	0	2	0	3	1	1	1	0	0	3	0	1	0	0	1	2	0	0	1	0	4	2	0	2	1	0	0	2
SAR406_Cluster_534	3	4	0	0	1	1	0	0	0	0	3	1	0	2	0	0	1	2	1	0	1	1	2	0	0	0	0	2	0	0	1	1	1	0	2
SAR406_Cluster_567	4	3	0	0	0	1	0	0	1	0	3	1	0	0	1	0	0	0	2	1	0	2	1	0	0	0	0	1	0	1	1	1	4	1	1
SAR406_Cluster_777	2	0	0	0	4	2	1	0	5	0	2	1	0	1	0	0	0	0	0	0	1	1	2	0	2	0	0	0	0	0	0	5	0	0	1
SAR406_Cluster_815	1	2	0	1	1	1	0	0	1	1	4	0	0	1	0	0	0	0	0	4	0	0	5	0	0	0	0	0	0	3	1	3	1	0	0
SAR406_Cluster_881	1	0	0	0	1	0	0	0	0	0	1	0	0	0	0	0	0	0	0	0	0	1	2	0	0	1	1	4	0	3	5	2	5	1	2
SAR406_Cluster_937	0	0	0	0	0	3	2	0	2	0	2	0	0	4	0	0	2	1	0	0	0	1	2	0	0	0	0	2	0	0	0	0	5	2	2
SAR406_Cluster_949	3	0	0	0	1	0	1	0	8	1	2	1	0	3	0	0	0	2	2	0	0	0	1	0	0	0	0	2	0	0	0	1	1	0	1
SAR406_Cluster_1888	0	0	0	0	2	2	0	0	5	0	2	1	0	5	1	0	0	0	0	2	0	0	0	1	1	1	0	3	2	0	2	0	0	0	0
SAR406_Cluster_2009	0	2	1	0	0	0	0	0	1	0	3	0	0	4	0	0	1	0	0	2	0	4	2	1	2	0	0	2	0	0	1	1	0	2	1
